6527317.31
0 0
1 5030
2 3613
3 7763
4 5960
5 4652
6 9058
7 7232
8 5204
9 4646
10 7871
11 174
12 9931
13 3198
14 6797
15 7867
16 4588
17 8934
18 5426
19 2428
20 9506
21 5983
22 2319
23 5616
24 5614
25 9576
26 8155
27 9667
28 6047
29 1244
30 3891
31 861
32 4341
33 4644
34 3083
35 216
36 4367
37 5368
38 828
39 6381
40 1612
41 2807
42 4846
43 7380
44 4314
45 9171
46 3518
47 7759
48 3092
49 897
50 6539
51 6772
52 6494
53 4732
54 9017
55 9442
56 1711
57 3682
58 2531
59 8800
60 9698
61 9425
62 443
63 7327
64 3349
65 3875
66 3139
67 1227
68 541
69 1323
70 3657
71 348
72 4656
73 4585
74 3597
75 6941
76 2306
77 5418
78 1132
79 4892
80 4375
81 1150
82 310
83 7881
84 2685
59 85
86 6251
87 3183
88 9578
89 251
90 7563
91 7795
92 7517
93 6147
94 6970
95 3793
96 5626
97 6887
98 4998
99 5056
100 7897
101 3044
102 589
103 1518
104 3427
105 8676
106 7664
107 5009
108 4345
109 9597
110 3406
111 7394
112 4386
113 5731
114 7490
115 8601
116 5597
117 4549
118 3372
119 8356
120 3769
121 8657
122 3635
123 1838
124 6043
125 8070
126 1525
127 1902
128 5712
129 6724
130 6352
131 7572
132 3772
133 6075
134 8580
135 2574
136 9215
137 9646
138 1286
139 9888
140 640
141 6750
142 3365
143 1665
144 9503
145 5136
146 9121
147 9795
148 2465
149 1740
150 8627
151 4149
152 228
153 3400
154 2632
155 5766
156 2824
76 157
158 4777
159 3506
160 7062
161 7729
162 497
163 7978
164 4403
165 1512
166 1145
167 1611
168 6168
169 2299
170 2017
171 480
172 4789
173 5176
174 4515
175 2058
176 3467
177 8051
178 4447
179 3066
180 6684
181 5684
182 747
183 7844
184 594
185 6209
186 2616
187 2012
188 9288
189 4135
190 5182
191 3953
192 3174
193 8736
194 7629
195 675
196 1428
197 7855
198 377
199 7677
200 862
201 4262
202 2893
203 7936
204 9443
205 257
206 8325
207 3100
208 7542
209 8430
210 1351
211 5912
212 1002
135 213
214 5806
215 2061
216 3844
217 1508
218 1968
219 8252
220 7141
221 4699
222 477
223 5039
224 1042
225 1308
226 3848
227 7728
228 636
229 4325
230 8581
161 231
232 6264
233 239
234 6347
235 9098
236 9030
145 237
238 9792
239 1131
240 9273
241 5321
242 7027
243 3046
244 5980
245 3376
246 8244
247 2752
248 9884
249 6042
250 461
251 663
252 7493
253 7760
254 6258
255 7047
256 776
257 8687
258 7193
259 868
260 7133
261 9625
262 543
263 4402
264 6770
265 8452
266 1642
267 7737
268 3999
269 6794
270 9054
271 9810
272 4354
273 4002
274 4429
275 9238
276 1545
277 6249
278 7934
279 5560
280 5596
281 8913
282 4666
283 1486
284 3407
226 285
286 8954
287 6947
288 5381
289 7242
290 6766
291 6030
292 9740
293 9491
294 1359
295 1211
296 6210
133 297
298 499
299 9619
300 2326
301 8313
302 3036
303 3952
304 9504
305 1520
306 653
307 1352
308 8520
309 6496
310 5399
311 8257
312 7344
313 9235
314 3980
315 4566
316 5645
317 3199
318 1495
319 426
320 8525
321 6611
322 5903
28 323
324 9914
325 3237
326 7102
327 8817
328 4683
329 7614
330 2495
331 2906
332 3720
333 2201
334 2845
335 2078
336 1601
337 7447
338 7998
339 452
340 8416
341 8574
342 1581
343 7346
344 4553
345 4453
346 1298
347 4163
348 8038
349 6001
350 4814
351 4857
352 6007
353 1114
354 9526
355 5817
356 4790
357 3141
358 2029
359 2641
360 695
361 7315
362 8249
363 5264
364 8498
365 6491
366 1106
367 8806
368 2581
369 8684
370 4664
371 2347
372 4842
373 5639
374 6888
375 4192
376 8419
377 4096
378 5284
379 4353
380 7228
381 2331
382 2897
383 500
384 6712
288 385
386 1361
387 4366
55 388
389 5053
390 7919
391 5473
0 392
393 7592
394 7459
395 5782
396 2164
309 397
398 3509
399 8721
400 7984
401 2901
402 3535
403 5221
404 738
405 7531
406 1773
407 4939
408 9262
409 4910
410 9718
411 6246
412 9760
413 9893
414 8062
415 6847
416 8767
417 3594
418 1357
419 3869
420 2131
421 2041
422 4387
423 6733
424 8542
425 5292
426 1809
427 3380
428 4829
429 2877
430 6695
431 2968
432 3931
433 2973
434 2354
435 7018
436 3077
437 1010
438 8376
439 5187
440 8098
441 4657
442 4031
443 8898
444 7303
445 3238
446 881
447 1048
448 9649
449 6860
450 1786
451 3617
452 3831
453 587
454 8897
455 1235
456 7753
457 3028
458 2186
459 6229
264 460
461 1510
462 3445
463 3863
464 1426
465 2586
466 4007
29 467
468 3128
469 8423
470 709
471 8230
472 5339
473 7667
474 7367
475 7610
476 829
477 3836
478 3412
479 7191
480 516
481 3825
482 8582
483 5108
484 1015
485 7690
246 486
487 7510
488 6689
489 2840
490 9086
491 1540
492 8233
493 7604
494 7846
495 4410
496 8181
497 7378
498 7898
499 5066
500 4913
375 501
218 502
503 8218
504 1596
505 7202
506 1056
507 5808
508 3375
509 6046
510 2571
511 6621
512 9779
513 6780
514 4215
515 4712
516 5863
517 1324
518 4769
519 1930
520 6983
521 5401
522 6521
523 7312
524 6975
525 2377
526 9469
527 696
528 553
529 8642
400 530
531 2889
532 7185
533 6635
534 7072
535 1303
536 7068
537 857
538 4430
539 2833
540 5609
541 1693
542 900
543 835
544 4506
474 545
546 6948
547 4448
302 548
549 3625
550 2330
551 2335
552 6100
553 4570
554 8811
555 876
556 5451
557 3382
558 1590
559 5234
560 7294
561 9402
562 6617
563 8415
129 564
565 4547
566 4668
567 2323
568 6091
569 8555
570 3758
571 7806
572 2338
573 1798
574 7386
575 5361
576 2165
577 9973
578 4376
229 579
580 7090
581 9670
582 2475
583 1049
584 1605
585 7974
586 4861
587 884
588 2492
589 3939
590 9585
591 1456
592 8450
593 2414
594 9910
595 1027
596 6287
597 2587
598 1451
599 8060
600 9797
601 7087
255 602
603 1682
604 3679
605 1176
606 3512
607 7215
608 1050
609 9651
610 4525
611 1069
612 7535
613 4544
614 6577
615 1115
616 9750
617 1783
618 5862
619 3002
620 5627
621 2538
622 4640
623 7742
624 6096
625 3051
626 2631
627 9763
628 7813
629 1346
630 6012
631 9954
632 797
633 8747
634 4750
635 8831
636 1569
637 3908
638 6670
639 8343
640 5471
641 4802
642 6044
643 1492
644 8732
645 5750
646 2206
647 8447
376 648
649 9048
650 4792
651 9861
652 9918
653 7653
654 4562
655 9660
656 9613
657 8815
658 7606
659 1186
660 3712
661 9993
662 5142
663 7679
397 664
665 2485
666 1363
667 3482
668 7287
669 2669
70 670
671 9991
672 3346
327 673
674 6157
675 5045
676 4209
156 677
678 9745
679 9590
680 9829
681 5490
682 5353
683 4283
684 8151
685 8808
686 4027
687 2080
688 2024
689 3287
690 9451
691 5211
692 8347
693 6025
694 9436
695 5482
696 9515
697 1188
698 3251
699 7463
700 9367
701 9789
702 5263
703 6939
704 4810
705 2161
706 5951
707 5244
708 2435
709 6467
710 7644
711 1582
712 7471
713 8074
714 1535
715 5624
716 3061
717 1676
718 6458
719 9677
720 9964
721 7526
722 9089
723 7949
724 9365
725 6883
726 4765
727 5198
728 8879
729 7868
730 6593
731 6020
732 9134
733 4006
734 5954
735 9972
736 9123
737 3994
738 7738
739 2805
37 740
741 5238
742 4252
318 743
744 1804
453 745
746 9476
747 6443
748 9943
618 749
750 4782
751 2000
752 3876
753 6002
754 6084
755 6142
756 3818
757 5403
758 1664
759 9036
760 4528
761 4636
762 3296
763 9132
764 1967
765 8734
766 1971
767 5131
768 849
769 5022
770 8615
771 6128
772 7252
773 5421
774 6313
775 2373
776 9026
777 5364
778 6609
779 3001
780 3659
781 7329
782 1983
783 6275
784 8526
322 785
442 786
787 5042
788 4763
789 6349
790 9070
791 5841
792 1917
793 8774
794 9948
795 2634
796 8167
436 797
798 7165
799 8373
800 1830
801 6237
802 4047
803 6649
119 804
805 5016
806 3324
807 6196
808 2229
809 7793
810 7288
593 811
812 5098
813 9024
814 8172
815 8199
816 2446
817 7994
818 839
819 5896
820 5898
821 1445
822 6190
823 3404
824 4415
825 9601
826 7851
827 8828
828 3779
829 4483
830 3419
831 4373
832 4123
833 3618
834 5851
835 6637
836 6954
837 6358
838 2946
839 926
840 9122
841 4898
842 7182
843 3886
844 8752
845 1438
846 6018
847 7552
848 5830
849 3718
850 3240
851 2151
852 4468
853 4600
854 1695
855 2342
856 4347
857 1388
858 3058
859 2095
860 1849
861 2313
862 9618
260 863
864 2425
865 1319
866 6736
867 7559
868 1299
869 3897
870 7355
871 2536
872 7189
873 6990
874 1647
96 875
876 8491
877 6256
878 5825
879 5938
880 9230
510 881
882 5267
883 6441
884 6029
885 2800
886 3054
887 8220
832 888
889 8740
890 4983
891 4512
892 8031
893 5412
894 1399
895 2140
896 6607
897 6105
898 2962
899 6838
900 7929
901 3626
902 2496
903 7199
904 5398
905 2518
906 9353
907 3582
908 9282
909 8976
910 3004
580 911
912 7125
878 913
914 4999
915 9895
916 8553
917 7944
918 8856
919 1020
920 6321
921 1577
922 4688
791 923
924 2717
925 5657
926 2583
927 6842
928 4394
929 6272
930 1092
120 931
932 7229
933 3974
934 9508
935 3359
936 2284
937 2072
153 938
939 1337
940 2755
941 1245
942 5486
943 4751
944 9603
213 945
946 7958
947 2447
948 9015
949 1863
950 6685
951 6645
952 3290
953 4947
954 5068
955 2166
956 5266
957 5145
26 958
959 7533
960 2355
67 961
962 5842
963 5724
964 7996
965 8629
966 3180
967 3033
968 5654
969 2252
970 6755
971 6312
547 972
973 4821
974 2792
975 3602
976 8576
977 3909
978 4017
979 9072
980 2146
981 6363
982 5448
983 1851
984 9245
824 985
892 986
987 3333
988 1864
989 8675
990 6514
991 4076
992 7445
993 8310
994 2378
410 995
996 1855
997 4505
998 6571
999 7540
1000 4242
1001 1184
1002 8270
1003 3719
1004 4271
1005 6232
1006 4050
1007 2516
841 1008
1009 5550
1010 8528
308 1011
1012 8171
1013 7956
948 1014
1015 9715
1016 3780
1017 5615
1018 4113
1019 2413
1020 3466
1021 9082
43 1022
1023 2035
1024 9347
1025 4502
1026 8227
399 1027
292 1028
1029 5442
1030 8346
1031 3676
1032 8133
1033 3063
1034 6490
1035 8411
1036 7446
1037 3104
1038 1253
1039 8478
1040 2139
1041 8936
1042 7953
1043 3577
1044 6281
1045 7114
1046 2261
1047 6751
864 1048
1049 5205
1050 1252
1051 7385
1052 1562
1053 3295
1054 7209
1055 4858
1056 7031
1057 9319
1058 9189
1059 1743
1060 4741
1061 6760
1062 4977
1063 2254
1064 3651
1065 3761
1066 1181
1067 4583
1068 1485
1069 6117
1070 6000
1071 6309
1072 7323
1073 4294
1074 1263
1075 4960
1076 4091
1077 5214
1078 1105
1079 1944
1080 5723
1081 9001
1082 8426
208 1083
644 1084
1085 5755
523 1086
1087 6468
1088 5849
1089 4022
1090 5356
1091 8132
1092 4156
1093 5540
1038 1094
1095 3807
1096 5920
1097 1560
1098 9468
185 1099
1100 5544
1101 2881
1102 3413
1103 7608
1104 5103
1105 9374
1106 4317
315 1107
1108 8888
1109 9200
1110 8573
1111 8170
1112 4520
810 1113
1114 5328
1115 4816
1116 2067
1117 9833
1118 4136
1119 5599
1120 6961
1121 7536
1122 5810
1123 7849
1124 1471
1125 8328
1126 8315
1127 4538
1128 3073
1129 7777
1130 1262
1131 1519
1132 9501
1133 6204
1134 1325
591 1135
1136 3120
1137 2304
1138 9915
350 1139
1140 1224
1141 7044
1142 9044
1143 9743
1144 2726
1145 1839
1146 8001
1147 9118
1148 9643
1149 3587
1150 2947
1151 1369
1152 1620
1153 4214
941 1154
1155 8269
1156 8025
1157 4936
1158 4421
1159 6559
1160 7917
1161 4174
1162 9375
1163 8926
1164 5409
1165 8855
468 1166
1167 6861
1168 5870
1169 6566
1170 8819
1171 6205
106 1172
1173 7642
1174 8781
1175 8165
1176 3507
262 1177
1178 1915
1179 1565
1180 5883
1181 5620
1182 1946
331 1183
1184 3455
1185 1916
1186 3490
1187 8863
1188 1429
1189 9816
1190 9786
1191 6448
1192 9366
1193 3459
1194 5296
1195 9801
1196 6590
1197 5242
1156 1198
1199 1487
1200 1208
1201 6882
1202 5845
1203 8789
1204 9496
1205 6526
1206 5281
1207 8712
1208 6850
1209 8368
1210 6118
786 1211
1212 4874
1213 2753
1214 7538
1215 5820
1216 9764
1217 6489
1218 1832
690 1219
1220 9837
1022 1221
1222 9905
472 1223
1224 2487
1225 4864
1226 6143
1227 2243
1228 8445
1229 1790
1230 9342
34 1231
1232 1623
1233 8756
1234 5260
1235 3115
1236 2353
1237 9987
1238 8663
1239 8096
1240 8166
1241 8190
1242 4104
1243 1355
1244 1557
1245 5126
1246 4917
1247 3175
1248 6726
1249 4796
1250 2126
146 1251
1252 5161
1253 9213
1254 3297
1255 1599
1256 8641
1257 7318
1258 4100
1259 7012
1260 1568
1261 2570
114 1262
1263 9385
1264 9906
573 1265
1266 5133
1267 4172
1268 2079
1269 3694
1270 4021
1271 8156
413 1272
1273 2778
1274 3922
1275 1708
1276 9339
79 1277
1278 7890
1279 6378
1280 8073
1281 2297
1282 2286
1283 3854
966 1284
1285 6705
1286 9359
1287 6540
1288 9462
1289 6698
1290 9056
1291 3730
1292 8161
1293 8632
1294 1543
1295 9870
344 1296
1297 6165
1298 7668
82 1299
1300 9421
1301 2819
678 1302
1303 9027
1304 4084
1089 1305
1306 1713
1307 5189
1308 1797
1309 6137
1310 8906
1311 1898
1312 9295
1061 1313
1314 5868
1315 6661
1316 8578
1317 7571
1318 9946
1319 8056
1320 4198
1321 6715
1322 2738
1323 5582
1324 8618
855 1325
1326 4171
1327 9818
1328 6958
1329 8771
1330 2454
1331 8177
1332 7221
1306 1333
1334 8597
1335 1720
1336 3329
1337 4207
1338 4090
1339 6305
1340 1554
1341 8593
1342 6754
1343 4182
405 1344
901 1345
1346 3397
1276 1347
1348 6174
1349 5327
1350 3451
1351 9756
1352 3012
1353 1378
1354 3988
1355 5745
1356 1433
1357 5172
1358 7033
1359 7343
1360 6333
363 1361
1362 7234
1363 9680
1364 1527
1365 6250
1217 1366
1367 3102
1368 2609
1369 7053
1370 7098
1371 6414
1372 9875
1373 6079
1374 6159
1375 5313
1376 2333
10 1377
1378 1679
1379 5703
1380 9705
1381 4433
1382 9177
1383 1683
1384 3496
1385 7590
1386 4675
1387 9703
1388 9119
1389 1449
1390 7845
1391 3457
1392 7537
1393 4211
1394 3861
945 1395
1396 1876
1397 6391
983 1398
1399 2105
560 1400
1401 7771
1402 4571
1403 6783
987 1404
1405 3568
1406 4629
1407 6517
1408 3857
1409 9695
1410 3698
1411 7078
1412 5981
1413 7977
1414 7570
1415 2311
1416 3945
1417 2015
1418 3717
385 1419
1420 8382
1421 1933
1422 7399
1004 1423
1424 9963
1425 2444
1426 8406
1427 4344
1428 6390
1429 7083
753 1430
1431 1819
770 1432
1433 5165
1434 4834
1121 1435
1436 8015
1437 3546
1438 5897
1439 6968
1440 7696
1441 8623
1442 9598
1443 3630
1444 9966
1445 4565
1076 1446
1447 8890
1448 5276
1449 6295
1450 2782
1451 7885
1452 6067
1453 7464
1454 7721
1455 6830
1456 4009
1457 3816
1458 4282
1459 4872
736 1460
1461 9087
1462 4025
1463 8643
1464 2528
1465 7321
1466 7875
1467 9338
1468 3669
805 1469
1470 9395
1471 7716
1472 4305
1473 9990
870 1474
1475 2883
1476 2729
1477 5776
1478 7081
1479 6124
1480 4958
418 1481
1482 5715
1483 8940
1484 6088
1485 2927
1486 9481
1487 7814
1488 9323
1489 6743
1490 9184
1491 3663
1492 5061
1493 6874
1494 3877
1495 5496
1496 3357
1497 8424
1498 4997
1499 8701
1500 1550
1501 2011
1502 1818
1503 1911
1504 5329
1264 1505
1506 1905
1066 1507
1508 2658
1509 9466
1510 3282
1511 5376
1512 8691
1513 2343
1514 8957
1515 7207
1516 2995
1517 3249
1518 9736
1519 7741
1520 6099
1521 8198
1413 1522
1523 2369
1524 5337
1525 3312
1526 9617
826 1527
1528 3253
1529 8562
1530 8991
1531 7835
1532 5610
1533 7794
1534 7489
1535 2076
1536 6022
1537 7939
614 1538
1539 5470
1540 9924
167 1541
1542 2925
1543 6119
1544 3356
1545 4787
1546 6568
1547 9621
1548 7786
1549 9254
7 1550
1551 9266
1552 9947
359 1553
1554 8285
1555 6089
1556 7768
1557 8081
1558 3055
1063 1559
1560 9483
1561 8622
1562 4395
1563 3608
1564 5114
304 1565
1566 5607
1567 7957
1568 6367
414 1569
1104 1570
1571 1758
965 1572
1573 8527
1574 2593
986 1575
1576 5791
1577 9159
1578 7388
1579 1945
1580 6696
1581 5404
649 1582
1583 3846
1584 5786
1585 8651
1586 2679
1587 5468
1588 7821
1589 3526
1590 6992
1591 1757
1592 4948
1593 9564
1594 2936
1595 7136
1596 1867
1597 5334
1598 8247
90 1599
1600 7146
1601 7048
1602 2411
1603 3591
1604 8929
916 1605
1606 3341
1101 1607
89 1608
1609 4436
1610 3519
1611 4407
1612 8644
1613 7111
1614 8276
1615 1894
1616 7539
1044 1617
751 1618
1619 3847
1620 2512
1621 5086
1622 8522
1623 1800
1206 1624
1625 8441
1626 6394
1572 1627
1628 2159
277 1629
1630 3935
1631 6545
1632 2548
1633 8388
1634 6821
1635 3888
1636 9881
608 1637
1638 5675
1639 9785
1640 7430
1641 6866
1642 6853
1643 1988
1644 4766
1645 6473
428 1646
1647 5629
980 1648
1649 5944
1650 7030
669 1651
1652 8297
1653 2700
1654 5649
1339 1655
1656 9321
1657 8595
1292 1658
1659 4122
1660 4951
1661 8455
1662 4080
291 1663
68 1664
1665 3637
1666 2277
1667 7554
1668 1885
1669 5297
1670 6674
1671 7324
1672 3079
1673 4580
369 1674
487 1675
1676 3441
1677 2019
1678 9052
1679 6924
1680 2953
1681 6216
1682 6401
665 1683
521 1684
1685 8654
1686 2956
1687 6706
1688 7357
1689 9776
1690 8241
1691 9933
1692 4463
1693 4828
1694 9762
1695 6905
1696 9855
1697 1834
1698 2504
1699 3301
763 1700
1673 1701
1702 3751
1703 5515
1704 6665
409 1705
939 1706
1707 6048
1708 3604
1709 3016
1710 6761
1711 6045
1712 4615
1713 9530
1714 2123
1715 3757
607 1716
1717 6583
1718 7206
1719 2276
940 1720
1721 2566
1722 8042
1723 8485
1724 9909
976 1725
1726 5119
704 1727
1728 6602
1729 4774
1730 7980
1731 4718
1732 7581
1733 5010
1734 9148
1735 5701
1736 8961
1737 4691
313 1738
1081 1739
1740 6195
1741 6857
1742 7748
1743 6297
1744 3550
1745 2777
1746 2336
1747 8302
1748 9117
1749 3470
1148 1750
1751 8002
1752 3653
1753 7021
707 1754
187 1755
1756 7158
1757 9302
1758 8047
1759 7892
1053 1760
1761 3623
1762 9892
1763 4967
1764 3367
207 1765
1766 4623
1767 2747
1768 8768
1769 8335
1770 2847
1771 9642
17 1772
1274 1773
1774 7410
1775 3978
1776 5146
1777 2388
1585 1778
1779 6873
1780 6098
1781 3648
1782 9429
1783 6812
1784 5877
1785 2843
1786 6439
1787 3926
1788 5360
1579 1789
1790 8837
1791 7739
1792 4607
1793 7596
1794 3280
1795 4089
1643 1796
1797 6720
1209 1798
1799 5282
1800 7135
83 1801
1802 6541
1803 6380
1804 9136
1805 5097
1806 4982
1807 8291
1808 5164
243 1809
1810 8320
1118 1811
1110 1812
1425 1813
1814 2160
1815 8112
1816 7173
1817 8263
117 1818
1819 9240
1820 8822
1407 1821
1822 6434
1823 5902
1824 8540
1825 8699
1826 8877
1827 7308
1828 2869
687 1829
1830 9069
1831 6181
1832 6173
1833 9691
1834 8254
1835 6051
1836 3047
1837 6150
1838 4624
1839 5240
1840 7086
1841 6744
1842 9887
1843 6178
1400 1844
1845 4739
1846 5148
1847 4155
1848 5869
1849 4346
1850 4269
1851 6955
1852 9494
1853 4173
1745 1854
1855 9398
1856 9091
1857 4164
1858 9161
818 1859
1860 6921
1861 5743
1862 9199
1863 7326
1864 5989
1865 4518
1866 2453
1867 4115
1868 5367
1869 3955
1870 2654
1871 7520
1872 5397
1873 3574
1874 9929
1875 9284
1876 5815
1877 3078
231 1878
1219 1879
1880 3755
1881 3911
1882 6894
1883 5821
1884 9278
1885 9076
1886 9386
1887 6880
1888 8457
346 1889
1383 1890
1891 7692
1538 1892
1893 2519
1894 8497
748 1895
1896 9641
1897 3342
1539 1898
1899 3632
1900 7455
1544 1901
1902 9872
1417 1903
1266 1904
1905 3520
1906 5389
1907 6520
1029 1908
1909 9156
1910 8159
113 1911
1912 2187
1913 4493
1914 2554
1915 6632
1916 5487
1917 2200
1918 9133
1919 4258
1920 2197
273 1921
1922 8779
1923 7126
1924 8983
1503 1925
1926 8639
1927 9708
1928 4158
1929 6036
1930 3319
1931 6026
674 1932
1933 7103
639 1934
1415 1935
1936 3563
1937 6334
1938 5562
1939 2106
1386 1940
1941 8134
364 1942
545 1943
1944 9075
1762 1945
1946 6385
1947 2455
1948 6420
1949 3704
1950 6291
1951 6289
1952 5642
804 1953
1954 3725
1955 2854
1956 4780
1957 7545
1958 3222
1959 8575
1960 8431
555 1961
1120 1962
1963 7950
1964 8545
1965 5027
1966 7860
871 1967
1968 7635
435 1969
1970 4507
1971 1981
1166 1972
1973 8804
1974 3384
1975 2014
538 1976
801 1977
1978 7557
1979 7104
1980 4063
1981 5554
735 1982
1983 5687
1984 7732
1985 7587
1986 4877
1987 7080
1988 2867
1989 3252
1990 5889
1991 3896
47 1992
1993 5762
1994 7226
1995 2597
1996 5354
1997 3172
1998 7874
1999 8360
2000 3440
661 2001
2002 8533
2003 2190
2004 9003
2005 7580
2006 9318
2007 3326
2008 2916
2009 7370
2010 6884
172 2011
2012 6242
2013 8690
2014 2691
2015 8603
2016 2234
2017 3724
494 2018
2019 7005
2020 9684
2021 9229
290 2022
1376 2023
2024 2754
2025 4871
1265 2026
2027 7985
2028 9965
2029 3960
2030 6929
2031 4487
821 2032
2033 8738
1571 2034
2035 8741
2036 8248
1041 2037
2038 3971
2039 8371
143 2040
2041 6986
2042 3275
2043 2689
2044 9438
2045 6851
2046 8377
2047 6145
2048 9303
2049 6858
2050 6719
2051 5933
2052 5780
2053 9327
2054 5402
2055 4546
2056 2699
2057 2195
2058 6083
1891 2059
2060 4157
2061 7223
2062 4693
1220 2063
2064 9989
2065 9696
812 2066
2067 3434
2068 7470
596 2069
2070 3214
2071 5792
2072 7790
2073 8237
2074 9928
2075 8878
2076 9018
2077 8899
2078 4994
2079 8358
2080 8317
2081 5341
2082 4188
2083 9260
2084 7745
2085 9151
2086 4026
2087 2120
1769 2088
2089 2310
2090 8174
2091 8122
2092 9275
2093 7730
181 2094
2095 7366
2096 6148
2097 5888
1754 2098
2099 4435
2100 4987
2101 9757
2102 3168
2103 9311
2104 6111
115 2105
2106 7063
1250 2107
2108 2924
2109 7271
2110 6988
2111 4181
2112 2117
2113 8731
2114 2240
2115 6101
2116 9497
325 2117
2118 4768
2119 4250
996 2120
2121 4108
204 2122
2123 6790
2116 2124
1439 2125
1102 2126
2127 3606
2128 4635
1175 2129
2130 2676
2131 3021
2132 2328
2133 7541
2134 8344
2135 8941
2136 9970
2137 2790
2138 3611
2139 8636
2140 5071
2141 3176
2142 3093
1218 2143
2144 2902
659 2145
2146 9704
2147 4995
1257 2148
2149 3544
2150 5495
2151 4764
2152 8142
490 2153
2154 2397
2155 9631
2156 9392
1498 2157
2158 6222
2159 8780
833 2160
299 2161
2162 6328
2163 7122
2164 9600
2165 6172
2166 9735
2167 6554
2168 6859
2169 9330
2170 9495
930 2171
2172 2975
2173 9435
201 2174
2175 5949
2176 8435
2177 4398
2178 2837
2179 6325
2180 8361
1390 2181
2182 8763
2183 7906
2028 2184
2185 8316
2186 3494
2187 6664
2188 8823
105 2189
2190 2826
928 2191
886 2192
2193 4244
2194 9911
2195 4464
2196 9340
2197 4867
2198 5804
2199 3162
693 2200
2201 6302
2202 2842
2203 2235
2204 2653
2205 9279
2206 8464
2207 6206
2208 5555
2209 2680
2210 5059
2211 3677
2212 5961
2213 9368
2214 7514
2215 4669
2216 3759
1802 2217
2218 3986
1953 2219
2220 7297
1515 2221
2222 6584
209 2223
2224 2521
2225 3460
2226 6303
2227 2992
1024 2228
2229 5876
2230 4396
2231 9209
2232 6936
1640 2233
1978 2234
2021 2235
2236 9381
2237 7022
2238 9759
2239 2346
2240 7113
1017 2241
2150 2242
885 2243
2244 6600
2245 4831
2246 8389
2247 3954
2248 4639
1349 2249
2250 2736
2251 8412
2252 5280
2253 5272
1139 2254
2255 9710
2256 4895
2257 7656
2258 5818
2259 5527
2260 9292
2261 5258
2262 7515
2263 9536
2264 7703
467 2265
2266 2958
1068 2267
503 2268
2269 2491
2270 3428
2271 9079
2272 8782
2273 6376
2274 4835
2275 3917
1165 2276
2277 2324
2278 8610
2279 2886
2280 3265
2281 3808
202 2282
2283 9876
2284 2835
2285 4450
2286 8384
2287 3343
2288 3149
2289 2921
1088 2290
1583 2291
2292 8869
286 2293
2294 3023
2295 7672
1900 2296
2297 4117
333 2298
1970 2299
2300 7166
2013 2301
2302 4800
1963 2303
2304 3697
2305 6293
2306 6286
2307 3306
725 2308
51 2309
2310 4321
1493 2311
2312 2917
2313 3570
2314 8862
2315 6034
2316 4444
2317 5420
2318 8045
1574 2319
2320 6911
1409 2321
61 2322
1674 2323
1857 2324
2325 2698
2326 6261
2327 4307
2328 6104
1435 2329
1606 2330
2331 5828
2332 5188
2333 3874
2239 2334
2335 8304
2336 7561
2337 9216
2338 8873
2339 6787
2340 4094
2170 2341
398 2342
287 2343
1085 2344
2345 2610
2346 8835
1630 2347
2348 3182
1816 2349
2350 6940
2351 9193
2352 6138
2353 5430
2354 5867
2355 7647
2356 4567
2357 8364
2358 6671
615 2359
2360 2683
2361 9653
2362 9305
2363 7671
2364 6488
2365 3753
2341 2366
2367 2423
1483 2368
2369 2596
2370 6656
2371 4019
1174 2372
2373 5887
2374 7820
2375 7331
2376 8183
2377 6460
2378 6533
2379 9728
2380 5336
2381 3011
2382 4539
1829 2383
2384 3081
2385 7016
2386 3683
2387 3806
2388 7504
2389 4806
2390 6757
2391 8469
2392 6962
1424 2393
2394 8186
2395 5416
2396 3038
1872 2397
2398 7826
1684 2399
2400 9886
1236 2401
2402 8380
2403 8414
2404 5583
2405 3799
2406 8759
2407 9671
2408 8354
2409 7585
575 2410
2411 9568
2412 7762
2413 3338
2414 6793
2415 6805
2416 7601
2417 5434
365 2418
2419 9379
2420 8201
2421 6701
2422 6700
2423 6356
2424 8965
2425 3204
660 2426
2081 2427
2428 6614
933 2429
2430 7889
2431 2510
2432 3031
2433 4519
2434 4700
2435 7987
1330 2436
2437 9372
2438 8130
2439 4221
2440 9885
2441 3140
2442 9394
2443 7689
2444 8509
2445 5677
2446 5901
2447 7932
713 2448
275 2449
2402 2450
2451 7842
2452 9357
2453 5742
2454 9203
2455 7306
2255 2456
2457 6283
2458 3784
2459 5545
2460 3148
2461 9637
311 2462
2463 7638
2464 4928
2465 6192
2466 9167
2467 9724
38 2468
2469 8120
193 2470
2471 6535
1942 2472
2473 8121
2474 6186
2475 6454
2476 3056
2477 2577
2478 7705
2479 5052
2480 8996
2481 7403
2482 2818
2483 7911
2484 3927
2485 7023
2486 4454
2487 9055
2488 7426
2489 5832
2490 5964
2491 7477
2492 5625
1241 2493
2049 2494
2495 4642
2496 9937
1658 2497
1750 2498
2499 5100
2500 4720
2501 9859
985 2502
2503 6354
1037 2504
2505 2673
2506 7227
2507 5800
2508 7405
2316 2509
2510 6236
1821 2511
1410 2512
2513 5905
2345 2514
2515 2939
2516 4334
2517 9960
2518 5502
2519 5653
1153 2520
424 2521
2522 4280
2523 6752
2524 2849
2525 9889
2526 7307
2527 6836
2528 4729
2529 5921
2530 5390
2531 7054
2031 2532
2533 6578
2534 9322
2535 8908
2536 8395
2537 4218
2538 6963
131 2539
2540 6808
1677 2541
395 2542
2486 2543
2544 6069
2545 6650
2546 8865
2547 2834
2340 2548
2549 8893
2550 5014
2551 4722
2552 5106
2553 8477
148 2554
293 2555
2556 7065
2557 6126
2558 8719
1157 2559
2560 4276
2561 3150
2562 4268
2563 8267
2564 8102
2565 4199
2566 3791
2567 5283
2568 6542
2569 7244
2570 6351
282 2571
2572 3284
2573 6053
222 2574
2575 8105
1772 2576
2577 9317
2578 3905
2579 7347
2580 8163
758 2581
2582 4822
2583 5570
2584 3667
2575 2585
2586 3276
2587 4312
2588 4277
2589 9969
2590 8219
2591 7416
2592 5206
2593 3660
2594 3962
2595 4762
2596 4177
2597 9422
2598 4608
2599 9150
2600 2643
2601 4953
1273 2602
2603 5718
2604 9004
488 2605
2606 6586
2607 3731
2569 2608
2609 7876
2610 3454
914 2611
2612 6971
2613 7562
2614 5291
2615 6516
766 2616
1686 2617
2618 6465
2619 8892
2620 6311
2621 2656
2622 4743
2623 8137
2624 4073
2625 5660
2075 2626
2627 7116
2628 5732
2629 6336
2630 8299
2631 3042
2632 5372
2633 2811
1536 2634
2635 8728
2636 8123
2637 5683
1129 2638
2639 4323
2640 6891
2641 5386
1621 2642
1314 2643
752 2644
2645 8018
98 2646
2647 4914
697 2648
1939 2649
2650 3944
2283 2651
1103 2652
1706 2653
2654 6493
2251 2655
2656 3352
2657 4232
2658 5640
2659 8204
2660 5256
2661 6373
2662 4619
2663 5096
2664 5243
944 2665
2666 7032
1801 2667
1419 2668
2669 6257
2646 2670
2671 9733
2672 3916
2673 9225
2674 9053
2675 9839
2525 2676
2677 8785
2678 9560
2679 8319
2450 2680
2681 6444
662 2682
2226 2683
170 2684
396 2685
2686 9426
1028 2687
2688 6994
1806 2689
2690 2797
2691 7014
2692 7830
1776 2693
2694 8191
2695 2931
2696 4748
2697 9393
2698 7144
2699 5604
702 2700
2051 2701
473 2702
2703 4907
2704 7484
2705 7792
2706 8841
2707 3596
1556 2708
2709 8046
2710 4817
1354 2711
1592 2712
2713 7511
2714 8630
2715 8870
2716 6870
2717 4066
1850 2718
2719 5612
2720 8453
2721 9664
2722 7785
2723 6976
2724 4738
2725 3409
2726 3592
2727 4860
2728 4885
2729 6214
2730 6383
2731 4001
2732 4137
2178 2733
1134 2734
2735 4679
1770 2736
1473 2737
2738 6826
2739 7550
2740 6869
2741 4077
1690 2742
234 2743
2744 5702
2745 9341
2746 8351
2747 3293
104 2748
2749 3776
2750 4189
2751 7246
2752 9535
2753 3165
2754 3217
2755 3621
2756 6244
726 2757
2758 9094
2759 3465
2760 3495
2761 5568
1932 2762
2763 5576
370 2764
2765 7551
2766 8812
2767 6937
2768 5504
1194 2769
2770 6563
2771 5501
2772 9390
2773 9021
2774 6170
2775 5427
2776 4440
2777 9008
2778 3586
2779 5781
1095 2780
2781 9032
2782 8708
2783 3504
2784 6086
2260 2785
2786 8846
2787 6862
2788 7573
2789 5537
854 2790
2791 5637
2792 6820
2793 9049
2794 8923
2795 5088
2796 5722
1739 2797
2798 4408
173 2799
1147 2800
2801 4613
2802 5945
2803 4915
2804 3068
2805 7279
2743 2806
2807 5488
2808 4474
2809 8281
2810 6479
2724 2811
2812 8905
2813 7837
2814 8208
1222 2815
493 2816
2817 3901
2818 9899
2819 7802
2820 8511
439 2821
2822 3050
2823 6806
2824 4197
2825 7196
2826 4610
2827 4150
2828 3541
2829 4056
2830 5533
2831 4133
2267 2832
2833 5860
522 2834
2835 8128
2836 8333
2590 2837
2054 2838
2839 9701
2840 3108
2841 6699
2842 8910
2843 8947
2363 2844
2845 8472
604 2846
2847 4526
1619 2848
2849 7163
2850 7452
1748 2851
2852 2896
2853 4564
486 2854
2855 3391
2856 3321
2857 6938
2858 3019
2859 3485
2860 8296
2861 7276
2862 9487
537 2863
2108 2864
2865 4573
2866 9580
2867 7816
1591 2868
1284 2869
2870 7574
2469 2871
2872 4492
2873 3493
2874 8616
219 2875
2876 8821
1958 2877
2878 5928
2879 9640
2880 7429
1009 2881
2882 5711
2883 8637
2884 2932
2885 6341
2886 4747
2887 9517
2888 8475
2889 7478
2097 2890
2891 9226
2892 9228
633 2893
2894 9591
2895 8599
2896 4371
2897 7178
2898 9819
2857 2899
2900 9632
2901 3014
2902 3481
2903 7840
40 2904
2905 7864
2906 7074
2907 3957
2908 6201
2909 9336
2910 4062
2417 2911
847 2912
2913 2928
2914 8100
2915 8251
1761 2916
2917 7930
2918 7945
1494 2919
2920 6279
2921 7473
3 2922
2923 3533
2924 7009
2925 8761
2926 3062
2927 9602
688 2928
2929 7300
2930 6471
2931 3164
1162 2932
2933 4785
2934 4102
2935 9456
2936 5026
2937 4153
2938 9769
2939 8240
2940 3742
238 2941
2942 6721
2943 6155
1130 2944
2914 2945
2946 9821
2947 9152
1305 2948
2949 9149
2258 2950
42 2951
2952 9950
2953 7011
873 2954
2955 4170
2956 4497
2957 4139
1035 2958
2959 5318
2960 4406
2961 7131
2962 8772
2963 3545
2964 6167
2781 2965
1125 2966
2967 9571
2968 9332
2969 4202
2970 8385
932 2971
2972 9692
2973 4111
2974 5147
2975 3540
416 2976
2977 6438
570 2978
2979 7866
2980 7808
2981 8853
2982 4253
2983 9871
2984 9820
1734 2985
2986 3262
2272 2987
2988 6461
1532 2989
2990 6146
335 2991
2992 9579
2394 2993
2827 2994
2995 5594
517 2996
2997 3294
2998 6276
2999 6945
3000 8140
3001 6191
3002 4521
3003 6875
3004 8588
998 3005
3006 3716
3007 3946
2127 3008
3009 5697
3010 7918
1202 3011
245 3012
3013 5024
3014 4724
3015 4971
3016 9623
3017 8078
3018 3821
157 3019
3020 9155
3021 3448
237 3022
3023 9384
3024 6407
3025 4114
3026 6504
3027 4819
3028 4794
3029 8099
3030 9248
894 3031
3032 6666
3033 7212
1507 3034
3035 6399
2302 3036
3037 7961
1500 3038
3039 3322
3040 3991
3041 7717
3042 7450
3043 5590
2860 3044
3045 9417
3046 9529
3047 3210
342 3048
2398 3049
1660 3050
3051 5465
438 3052
798 3053
3054 9868
2721 3055
947 3056
3057 6763
3058 8959
3059 9944
3060 8080
3061 6692
3062 3225
178 3063
1291 3064
3065 3351
3066 7296
266 3067
2364 3068
3069 7029
3070 5489
3071 3996
3072 5521
1204 3073
3074 4617
3075 8631
3076 8834
716 3077
2556 3078
3079 3320
3080 8433
3081 5746
3082 7302
3083 8745
401 3084
3085 5879
3086 6801
3087 3254
779 3088
3089 5923
3090 8187
2814 3091
3092 7038
3093 9297
203 3094
3095 8743
3096 6978
3097 3126
3098 6213
1959 3099
3100 4735
3101 7858
2337 3102
3103 8944
2626 3104
3105 8063
3106 9812
1078 3107
1259 3108
3109 9863
3110 7092
3111 4620
3112 9208
3113 8175
3114 9841
3115 5370
3116 6416
1054 3117
3118 7670
2710 3119
3120 7169
3121 7797
3122 9104
163 3123
3124 7211
2202 3125
389 3126
3127 6704
3128 5457
2281 3129
3130 3267
3131 5694
3132 3883
3133 4364
1547 3134
1998 3135
2821 3136
388 3137
767 3138
3139 7379
997 3140
3141 5091
3142 3850
3143 9815
3144 8374
3145 3890
3146 8809
3147 4478
3148 8519
2955 3149
3150 8579
3151 7649
3152 7699
1949 3153
576 3154
1238 3155
1901 3156
2606 3157
2154 3158
3159 6015
3160 5891
3161 6273
1938 3162
3163 5753
3164 7747
3165 6131
2172 3166
3167 4560
3168 8404
3169 9373
3170 7406
3171 9111
3172 4614
2110 3173
624 3174
3175 7348
3176 3864
3177 5725
3178 5405
3179 8101
2129 3180
3181 3355
3182 3792
3183 9925
1793 3184
643 3185
3186 8396
455 3187
3188 7770
3189 9747
2289 3190
3191 4380
3192 7525
3193 9291
3194 6021
3195 6987
2660 3196
3197 6288
3198 8008
1731 3199
1404 3200
300 3201
3202 5230
3203 3749
3204 9633
3205 8126
3206 4231
3207 5472
3208 7598
3209 4561
3210 6608
3211 9192
3212 9904
2663 3213
1368 3214
3215 5392
3216 5433
1984 3217
1899 3218
3219 7025
3220 3675
3221 5271
3222 8055
3223 4865
2874 3224
2401 3225
3226 3500
3227 6359
3228 5294
3229 8353
3230 7361
3231 8029
3232 6949
2407 3233
951 3234
3235 3463
1747 3236
3237 8141
2087 3238
3239 4594
3240 4162
1573 3241
3242 8432
3243 7708
3244 6011
3245 4145
3246 5756
3247 7954
3248 5307
3249 3711
3250 4159
3251 7831
1586 3252
3253 9523
3254 6185
888 3255
1670 3256
57 3257
2248 3258
780 3259
3260 7040
3261 5330
3262 5222
2911 3263
3264 6085
3265 7618
3266 9845
1844 3267
1570 3268
3269 9124
3270 8506
3271 3435
159 3272
3273 9570
3274 3834
3275 7714
3276 3411
3277 6643
3278 4850
449 3279
3280 7398
1973 3281
3282 7190
3283 9981
3284 8648
3285 5461
3286 8474
3287 4361
297 3288
3289 7686
3290 7482
564 3291
3292 9348
3293 4116
3294 5855
3089 3295
3296 8611
3297 8330
3298 8465
3299 9565
3300 9808
3301 5736
3132 3302
1926 3303
3304 4572
3305 5270
3306 9239
3307 7289
3308 9446
3309 3837
3310 9430
3311 7349
3312 9891
1858 3313
3124 3314
3315 3756
3316 8791
1283 3317
3274 3318
3319 4696
2579 3320
3321 3992
3322 8980
3323 4399
3324 7553
3325 4127
3326 4190
3327 5449
808 3328
64 3329
1019 3330
1248 3331
3332 6616
3333 6435
3334 6678
1914 3335
3336 7451
3337 8370
586 3338
3339 8714
3340 8995
3341 6056
2113 3342
1371 3343
3344 9162
2460 3345
788 3346
3048 3347
3348 7652
3349 8989
860 3350
3351 9607
3352 8496
2774 3353
3354 3571
3355 6123
2682 3356
3357 5199
3358 5631
3087 3359
1724 3360
3361 5115
3362 7219
3363 9852
3364 8857
3365 8006
3366 7633
3367 8342
285 3368
3369 6673
533 3370
3371 8561
3372 6127
3373 3580
3374 8950
3375 6072
3376 4330
3377 6428
3378 5988
3379 4634
21 3380
2301 3381
3382 7725
1908 3383
1561 3384
3288 3385
3386 3739
3152 3387
256 3388
3389 5798
205 3390
3391 3692
3392 7036
3393 6252
3394 5705
3395 9512
3396 4511
3003 3397
284 3398
1374 3399
2557 3400
3401 4574
988 3402
2988 3403
3404 7341
1856 3405
3406 5929
3407 4985
3268 3408
1753 3409
3410 7260
3255 3411
3412 7617
1716 3413
3414 5872
1060 3415
3416 5192
583 3417
2767 3418
3419 7123
3420 4541
3421 8549
1882 3422
3423 5943
3179 3424
2985 3425
407 3426
3427 5377
3428 7295
3227 3429
3430 9636
3431 4959
1310 3432
799 3433
2298 3434
3435 9674
3436 5050
3374 3437
3438 4682
3439 6501
3440 4923
3441 8117
3442 6003
2809 3443
3444 5017
3445 8306
3159 3446
3447 5028
3448 9584
3449 7050
2209 3450
936 3451
3452 9471
2636 3453
3454 4645
4 3455
1744 3456
3457 8225
1373 3458
3459 5668
3460 6688
430 3461
279 3462
3463 8884
3464 6627
3465 9581
3466 5969
3467 8896
3468 8442
3469 4689
3470 6149
3471 5406
3472 6308
3473 5257
384 3474
3475 4426
3476 7363
807 3477
3478 7865
3479 7634
3480 9687
3481 6560
3482 6628
3483 4112
3484 7128
3485 9552
3386 3486
3487 6410
3488 8301
3489 7026
3490 5787
3491 9128
475 3492
3493 4092
3494 5638
1034 3495
3496 5169
3497 5493
2553 3498
1389 3499
2452 3500
3501 4954
3502 8460
3503 9974
3504 7772
1381 3505
1631 3506
3507 5132
3508 4602
3509 8493
3510 6248
3511 8119
3512 8265
3513 8242
3514 3813
1580 3515
3516 4223
3517 4358
2997 3518
3519 4725
3520 3976
2456 3521
3522 9596
3523 6344
2403 3524
2246 3525
1225 3526
3527 8917
3528 9668
3529 6081
3530 7466
3531 7895
3530 3532
906 3533
3534 6784
3535 5911
1408 3536
3537 6068
3538 4965
1964 3539
3540 6194
3541 7064
3542 6296
3543 4381
3544 5481
3545 9712
3546 5129
3353 3547
3548 3906
1258 3549
3550 7740
974 3551
1811 3552
3553 6802
3554 4052
2290 3555
3556 8585
152 3557
3558 4929
402 3559
3560 6964
1343 3561
3562 7650
1813 3563
3564 5909
3565 8226
539 3566
3567 4556
3568 4803
3569 5941
3570 5708
2994 3571
3572 7437
3573 8797
3574 5623
3575 5749
3569 3576
2515 3577
3578 8282
2063 3579
3580 4067
3581 9352
1866 3582
3583 6846
2929 3584
232 3585
3586 8403
2094 3587
3588 9846
981 3589
3590 7061
3591 9814
3592 7555
3593 6966
3594 5143
3595 6625
3596 9975
3597 5317
45 3598
92 3599
3600 8948
3075 3601
3602 9307
3603 6909
3604 9413
3605 8830
3606 8391
3607 4011
743 3608
3609 9665
1843 3610
3611 9000
3371 3612
1124 3613
3614 4469
1246 3615
3616 6144
2002 3617
3618 7990
1681 3619
3620 8131
1646 3621
950 3622
3623 9877
3624 4535
3625 5191
3626 6158
3627 7886
3628 3766
3629 4650
3630 4717
3631 7134
3632 8921
952 3633
154 3634
2145 3635
3636 4770
1154 3637
1634 3638
3562 3639
3640 6840
305 3641
2147 3642
3643 4144
3644 5655
3645 7395
3408 3646
471 3647
1158 3648
2923 3649
3650 8294
3651 9444
1861 3652
3653 6082
3654 6518
1950 3655
3607 3656
3657 7421
3658 5076
2332 3659
1329 3660
3661 6368
582 3662
3663 6567
3664 5485
3665 8981
677 3666
3667 8695
3668 4078
3669 5171
2672 3670
3671 7201
3672 8614
3673 4674
3674 6006
2527 3675
1297 3676
3677 4579
3678 3696
3679 9634
3680 5006
2357 3681
683 3682
3683 5384
3684 5807
451 3685
383 3686
1468 3687
3688 6896
3689 3796
3690 4388
349 3691
1281 3692
1472 3693
2128 3694
3695 6796
1934 3696
2194 3697
3698 9953
3699 5577
3700 8671
3701 9985
3647 3702
1055 3703
3704 8290
1457 3705
1416 3706
294 3707
2938 3708
3709 7320
3710 6140
94 3711
2344 3712
3593 3713
3714 8889
3029 3715
3716 8677
592 3717
3718 7913
1918 3719
3720 6331
2093 3721
3117 3722
3723 7374
1884 3724
2023 3725
2702 3726
3727 6803
3728 6878
2803 3729
3730 9945
3487 3731
3732 9595
3733 5994
3576 3734
1609 3735
3736 4061
3737 8118
3738 9046
3739 9475
3740 8678
3741 7156
3742 8680
3743 9811
1840 3744
3745 7174
3746 8146
3747 4296
3748 9467
283 3749
3118 3750
3751 6102
3752 4756
3753 3907
3130 3754
2744 3755
3756 4510
1785 3757
2387 3758
3759 7991
3760 5871
1755 3761
3762 8755
3763 8634
3764 5936
3765 8209
1749 3766
2489 3767
3768 6908
513 3769
3191 3770
3771 5410
3772 7115
1271 3773
1566 3774
3775 8709
2138 3776
3777 5015
2731 3778
3779 7360
3780 6900
362 3781
3782 9802
3783 7832
3702 3784
3785 7888
3786 7941
1987 3787
3788 5286
3789 9489
700 3790
3791 8283
3792 6014
3793 4568
3794 4731
1443 3795
2550 3796
3797 4859
3798 4228
3799 7575
3059 3800
3801 8246
1751 3802
3803 8504
1005 3804
3805 9308
3806 7904
3807 5379
3808 9558
3809 5925
3722 3810
2275 3811
2386 3812
902 3813
3814 6564
3815 8116
3027 3816
3817 9232
625 3818
3819 3919
3820 5253
3821 5431
3822 9842
1119 3823
271 3824
3825 7718
3826 8864
1128 3827
3828 6786
3829 9980
3830 6294
3831 5913
2529 3832
3833 5469
3834 7217
1163 3835
1833 3836
1070 3837
1965 3838
2141 3839
3840 7769
3841 6404
3708 3842
999 3843
3844 9850
889 3845
3846 8157
2429 3847
3848 8035
3849 4503
3850 6457
3851 3879
3852 6028
3387 3853
3854 6527
2221 3855
648 3856
3857 3859
1302 3858
421 3859
3860 9896
3861 5173
3862 5089
447 3863
3603 3864
3865 5391
3561 3866
3867 6769
3868 8933
3869 6876
823 3870
3430 3871
3872 9709
3873 9271
1766 3874
3278 3875
2189 3876
3331 3877
3878 9108
1614 3879
3103 3880
3881 8584
837 3882
3883 9065
3884 9594
2118 3885
354 3886
3887 7404
859 3888
3889 5492
1817 3890
3123 3891
3892 5203
2690 3893
3894 4300
3895 4707
3896 4486
3897 8758
3898 5254
792 3899
2287 3900
3901 8444
3902 7491
1837 3903
3904 6064
2856 3905
3906 6581
3907 6573
3664 3908
3909 7727
3910 5196
3911 4476
3912 6284
3129 3913
3914 7101
3915 7356
3916 7654
610 3917
1497 3918
3919 5032
3920 4119
1375 3921
3922 5847
2576 3923
3924 4477
2404 3925
3926 8355
3927 7726
3928 7843
469 3929
3930 7713
3931 5536
3932 4234
3933 8786
3934 4355
3935 3998
3936 7293
1666 3937
3938 5662
3939 9851
3830 3940
3941 9732
3942 7168
2480 3943
730 3944
3945 7815
2848 3946
3947 8058
1730 3948
1641 3949
3950 5972
3951 5768
3693 3952
3953 5463
2182 3954
2741 3955
3956 7230
16 3957
406 3958
3959 5105
2312 3960
3961 6864
3727 3962
3402 3963
1052 3964
3921 3965
3966 7119
1023 3967
3450 3968
2563 3969
2944 3970
3971 5005
3972 7265
3973 4779
3974 6561
3975 8337
3207 3976
3977 9404
1499 3978
3009 3979
3980 9900
3981 4217
3982 4039
175 3983
3984 5087
3985 5598
3986 6107
1962 3987
3988 4721
3989 7256
3913 3990
3991 5837
3992 4673
1653 3993
3994 6459
3995 5758
3996 5737
722 3997
3998 8717
3999 9550
4000 8689
4001 7479
3673 4002
1461 4003
2815 4004
4005 6832
4004 4006
2820 4007
1223 4008
4009 6306
4010 8994
111 4011
4012 7069
1441 4013
4014 5619
4015 5127
3680 4016
437 4017
4018 5273
1979 4019
4020 6317
4021 5580
3943 4022
3523 4023
4024 6655
4025 7353
4026 9608
4027 9531
2910 4028
4029 7882
4030 7269
274 4031
4032 6892
3438 4033
845 4034
4035 8590
340 4036
961 4037
2370 4038
2619 4039
4040 8084
4041 9166
4042 4775
2043 4043
3855 4044
4045 9163
3094 4046
4047 9493
196 4048
4049 4551
4050 7334
4051 4963
4052 5060
18 4053
4054 7942
4055 5971
3950 4056
4057 9326
4058 7693
2622 4059
4060 6221
4061 5073
4062 8925
638 4063
4064 4389
4065 5315
4066 4369
4067 8988
4068 7788
4069 4390
4030 4070
4071 7972
4072 5937
1698 4073
4074 5225
4075 6835
3565 4076
2020 4077
4078 8192
4079 4879
2439 4080
3192 4081
4082 6668
4083 9479
4084 7955
4085 7052
504 4086
4087 4288
4088 7132
4089 7501
4090 6898
372 4091
3269 4092
4093 8570
4094 4289
4095 4351
2535 4096
4097 4329
2813 4098
3242 4099
4100 5387
4101 9532
4102 4168
4103 5986
4104 5844
2232 4105
4106 7981
4107 5298
2055 4108
772 4109
4110 6913
2045 4111
3841 4112
4113 7787
4114 7869
1392 4115
4116 6998
654 4117
4118 4285
1712 4119
4120 5673
4121 8004
4122 6682
4123 8456
4124 6703
534 4125
1710 4126
4127 4383
3145 4128
4129 7354
4130 4582
3649 4131
4132 9261
2722 4133
4134 9521
4135 5914
4136 8854
4137 7707
4138 7946
4139 8559
2391 4140
2711 4141
4142 8820
4143 7067
4144 6187
720 4145
4146 9252
4147 8646
3472 4148
4149 8032
2879 4150
554 4151
4152 7142
4153 8030
4154 6225
4155 9537
4156 4728
4157 5311
4158 4416
2498 4159
1242 4160
495 4161
4162 6169
4163 9492
4164 4169
4165 6171
4166 9917
4167 8730
4168 6550
3363 4169
4170 5998
1616 4171
1608 4172
4173 9020
4174 6445
1972 4175
4176 8814
3360 4177
4178 5881
4179 4709
4180 5658
1187 4181
635 4182
4183 9281
611 4184
374 4185
4186 4489
2870 4187
4188 5975
4189 9383
2171 4190
4191 9129
4192 9188
4193 4456
2534 4194
200 4195
4196 9403
4197 7167
1362 4198
4199 7278
3882 4200
4201 9685
4202 7927
4203 5348
3026 4204
4205 8986
4206 5157
4207 4811
4208 8211
2217 4209
4210 8179
4211 9306
4212 9890
4213 9955
4214 7852
4215 5331
4216 6371
215 4217
2074 4218
4219 8904
3820 4220
4221 6624
2604 4222
4223 5882
3226 4224
4225 8700
4226 9775
4227 7330
579 4228
2770 4229
2878 4230
1828 4231
4232 5235
223 4233
4234 6782
2822 4235
4236 9588
4237 8023
935 4238
2601 4239
819 4240
4241 6547
4242 5438
4243 8397
4244 4452
3800 4245
4246 7993
2909 4247
4248 8010
4249 5245
2479 4250
4251 9364
4252 7588
4253 8662
1780 4254
4255 8883
3205 4256
1794 4257
4258 5477
1704 4259
391 4260
1787 4261
869 4262
4263 9942
3502 4264
3160 4265
4098 4266
1475 4267
2720 4268
4269 9682
36 4270
2280 4271
4272 5452
4273 8997
4274 4973
4275 7444
4276 9025
4277 7824
4278 6532
242 4279
4280 5194
4281 8967
3272 4282
4283 9903
2183 4284
4285 7015
4286 6654
4287 9754
923 4288
4289 9650
4290 9410
4291 9084
4292 8003
1231 4293
4294 5585
4295 8840
3843 4296
4297 7184
4298 5564
4299 4838
4300 7042
482 4301
1907 4302
1874 4303
4304 5992
4305 6852
4306 8990
4307 9669
2176 4308
4309 8065
4049 4310
4311 6589
958 4312
4313 6588
3817 4314
2505 4315
4316 6429
2983 4317
4318 8885
4043 4319
3186 4320
3426 4321
4322 5460
4323 9500
1825 4324
4325 6967
4326 9450
4327 8672
3200 4328
4329 9731
4330 8434
2863 4331
3260 4332
2064 4333
1185 4334
3171 4335
4336 8323
4337 7695
4338 4622
4339 4755
3746 4340
2305 4341
4342 9006
4343 4894
1524 4344
4345 9913
4346 5156
2422 4347
4348 7235
4349 8321
2419 4350
4351 7251
4240 4352
3309 4353
4354 8524
3924 4355
2222 4356
4357 8499
3771 4358
212 4359
4360 9064
4361 8429
4362 8088
3764 4363
3291 4364
1365 4365
4366 9140
681 4367
4368 4391
4369 6228
3778 4370
2635 4371
2965 4372
4373 4592
1667 4374
4375 4522
2400 4376
1479 4377
4378 6027
4081 4379
2464 4380
4381 9455
4382 6219
4071 4383
4384 6598
4385 5223
4386 8041
4387 9836
4388 9999
2121 4389
1812 4390
3862 4391
4392 6811
4393 8702
4394 7711
2701 4395
601 4396
4397 6162
4398 9120
4399 5857
2617 4400
2853 4401
4402 6463
4403 7051
4404 5208
433 4405
3213 4406
3752 4407
2225 4408
765 4409
4410 6727
4411 7151
4412 7017
4413 5698
620 4414
4415 8298
4416 7720
3743 4417
4418 8881
1645 4419
4420 9077
3197 4421
4422 5279
1624 4423
3088 4424
3548 4425
719 4426
4427 8239
4428 6087
4429 5650
3741 4430
761 4431
714 4432
4433 7500
1341 4434
3538 4435
4436 4826
4437 9554
4438 9388
3247 4439
4440 7687
4441 6013
4216 4442
4443 5589
2212 4444
721 4445
107 4446
4447 5363
556 4448
4449 8715
4450 9408
2065 4451
4452 7441
4453 5011
4454 9563
2007 4455
4456 7214
1008 4457
4458 4771
4459 9957
4460 6108
1506 4461
4462 7685
4463 6398
2572 4464
4465 8188
4466 9371
2442 4467
1213 4468
3133 4469
4141 4470
4471 7544
4472 7108
2980 4473
2799 4474
189 4475
4476 8798
124 4477
1651 4478
4479 4536
4480 7376
3938 4481
1269 4482
1956 4483
4484 5634
241 4485
1925 4486
2173 4487
4488 5500
3809 4489
4490 5231
1859 4491
2274 4492
2091 4493
4494 6442
4495 8795
1975 4496
2253 4497
4498 5075
2558 4499
4500 4944
2292 4501
4502 5499
946 4503
1482 4504
4505 5371
2303 4506
4507 6417
3556 4508
4509 9301
1947 4510
4511 5417
4512 9088
562 4513
737 4514
250 4515
4422 4516
1725 4517
4518 9729
4309 4519
2688 4520
4521 7735
4522 8966
4523 7448
3452 4524
4525 9524
316 4526
4527 4548
4528 9405
4529 6403
4530 8417
4531 7805
3707 4532
4533 6767
4534 6722
4535 8919
4536 6556
1871 4537
2639 4538
4530 4539
4540 6737
2858 4541
4542 4670
1924 4543
1295 4544
2466 4545
3898 4546
2638 4547
4548 8958
4549 5359
1229 4550
4551 6212
3968 4552
50 4553
2334 4554
1051 4555
4556 9744
4557 6515
4558 7595
4559 9686
2508 4560
3211 4561
4562 8647
4147 4563
4564 8278
756 4565
4566 8173
4567 8487
4568 5586
3650 4569
4570 9335
2850 4571
4572 5884
4573 6762
2560 4574
4575 9185
2196 4576
4577 7803
3167 4578
4579 4714
2033 4580
4581 4603
4582 4638
4583 6405
3658 4584
1852 4585
85 4586
425 4587
4588 6487
4589 7887
4590 5453
4591 5588
4592 5955
66 4593
4594 6019
127 4595
4596 8418
1058 4597
4598 9796
4599 4795
4586 4600
4601 9758
4602 6680
4603 5158
4604 7502
4605 6179
4606 7812
4607 5177
1152 4608
629 4609
4610 5970
334 4611
1474 4612
4613 8336
724 4614
572 4615
2375 4616
4617 9346
4618 7497
3895 4619
4620 6648
647 4621
4622 5375
934 4623
3721 4624
4625 9419
4626 8807
3189 4627
4628 5305
4629 9606
4630 7615
4631 7630
4632 5396
3070 4633
4627 4634
4635 5659
1919 4636
52 4637
4638 7013
4639 5300
3311 4640
4641 4808
4642 7589
4643 7509
631 4644
4645 6320
4020 4646
4427 4647
4423 4648
4649 9112
4650 7925
4651 7371
4652 9241
4129 4653
2989 4654
2942 4655
4656 6427
137 4657
4658 5601
4659 8289
4055 4660
470 4661
4662 7959
3511 4663
1529 4664
3369 4665
1738 4666
91 4667
4668 6340
2716 4669
4670 5759
4671 8617
3687 4672
4673 8279
732 4674
4675 4740
4405 4676
4677 9175
4678 8059
4679 5227
4200 4680
4681 9865
4682 5691
4683 9941
4684 8859
1256 4685
4686 7427
4687 9484
4688 9459
887 4689
1626 4690
4691 7046
4692 5532
4693 8912
4694 9934
2627 4695
4425 4696
1860 4697
4698 8775
4699 5789
4700 4880
4701 5262
4702 5340
4012 4703
827 4704
1251 4705
4706 7362
4707 5216
4708 7694
4709 5942
3636 4710
2737 4711
4712 8349
1387 4713
4714 6199
1001 4715
4042 4716
4445 4717
4718 6189
24 4719
4720 6530
4721 6640
4722 9768
3456 4723
3887 4724
4725 4752
93 4726
2645 4727
4728 9010
529 4729
4730 8439
3684 4731
3453 4732
4733 7281
712 4734
2918 4735
565 4736
831 4737
2665 4738
750 4739
4740 5332
3840 4741
4742 9781
4743 4943
4744 4832
1463 4745
4746 6919
4747 8394
4748 5197
1625 4749
4750 8518
2083 4751
2136 4752
1422 4753
4754 7282
4755 7364
4756 9813
3947 4757
4758 6392
4759 6942
4760 8068
2555 4761
4762 4889
2483 4763
4764 6781
4765 9575
4766 9432
3867 4767
4768 7983
1040 4769
2060 4770
4771 6714
4772 9843
4773 5110
112 4774
3143 4775
4776 9154
3392 4777
4167 4778
4779 9488
1098 4780
4781 6792
4782 6953
4783 9742
2951 4784
4785 7424
3052 4786
4787 7757
4788 8515
4789 9586
2934 4790
4733 4791
4792 6315
524 4793
440 4794
4651 4795
4796 9092
2511 4797
2440 4798
4799 8148
4800 7776
4801 5953
1442 4802
706 4803
4804 9519
2703 4805
4806 9589
3794 4807
3795 4808
4677 4809
4810 8531
1144 4811
4812 9201
71 4813
4814 8866
4815 6972
4816 6226
4817 4825
1397 4818
11 4819
4820 5249
4821 9879
2236 4822
4823 9516
2047 4824
540 4825
4826 7120
2374 4827
4828 7733
4829 9143
4589 4830
4831 6274
518 4832
492 4833
1822 4834
4835 9499
4836 8670
4837 7549
4838 6809
4681 4839
1937 4840
2434 4841
1943 4842
269 4843
2838 4844
1288 4845
3169 4846
781 4847
4848 9734
4849 6505
3997 4850
740 4851
4852 8222
2862 4853
4854 9263
4855 9325
566 4856
3884 4857
4858 8720
4859 5008
4860 8620
4861 8750
1011 4862
698 4863
4864 5510
4865 9867
4131 4866
4867 5312
4868 9522
3086 4869
4870 9320
3131 4871
4872 7365
4873 8836
4874 4905
4875 7317
4876 9047
4103 4877
3979 4878
4879 6818
4880 7995
3610 4881
4882 5618
2630 4883
2756 4884
1453 4885
4187 4886
4887 9838
4236 4888
3239 4889
4890 5528
4891 8665
4892 4901
3661 4893
3424 4894
4895 6409
1216 4896
4897 5314
1243 4898
1767 4899
4900 9153
4901 8523
563 4902
3328 4903
4904 8494
2801 4905
2467 4906
4907 9401
4908 9930
4909 8286
4910 9968
4911 9106
3347 4912
3095 4913
4054 4914
4915 9936
496 4916
4917 9688
4339 4918
2293 4919
3480 4920
4921 5966
890 4922
3515 4923
4924 6816
3845 4925
4926 9391
2228 4927
2032 4928
4929 8149
4930 5769
4931 9211
3525 4932
4933 8182
2591 4934
4935 5183
4936 6133
4937 6969
4938 9165
4939 6903
1336 4940
3005 4941
4942 5757
4943 6499
4841 4944
4945 5342
2393 4946
2513 4947
4948 5976
1191 4949
4950 9300
4951 9817
295 4952
4953 6245
2109 4954
4955 6054
4508 4956
4957 7680
4958 7859
4959 5886
2448 4960
4961 9439
4962 7408
320 4963
4964 6694
1086 4965
4966 7960
4540 4967
3156 4968
2599 4969
4970 8448
4924 4971
1047 4972
4591 4973
3196 4974
1897 4975
4976 6934
4977 8850
1277 4978
4837 4979
1465 4980
4981 6856
2107 4982
3572 4983
4984 9923
4118 4985
4986 9313
4058 4987
4813 4988
904 4989
4990 8939
4798 4991
2004 4992
4993 5033
739 4994
4995 9971
4996 6116
1516 4997
4998 7310
4999 8381
312 5000
3823 5001
5002 6982
5003 6592
5004 5178
5005 8517
2757 5006
5007 5018
1559 5008
5009 5958
5010 8656
2732 5011
2640 5012
5013 5251
5014 9726
4219 5015
5016 7274
2270 5017
4397 5018
1889 5019
5020 7660
5021 5990
4711 5022
1260 5023
5024 5643
5025 9880
2598 5026
5027 6553
2009 5028
4074 5029
5030 5518
5031 9939
820 5032
5033 6569
3575 5034
5035 9922
5036 6350
5037 6078
2264 5038
603 5039
2543 5040
5041 7198
5042 5083
4203 5043
5044 8845
5045 6512
5046 7325
3049 5047
802 5048
1854 5049
5050 6732
5051 5394
5052 8479
2568 5053
1774 5054
5055 8492
2339 5056
134 5057
3768 5058
3760 5059
1127 5060
2697 5061
813 5062
622 5063
5064 8860
3558 5065
5066 7157
5067 7779
5068 6446
3803 5069
3041 5070
5071 8729
1333 5072
3429 5073
5074 6638
4661 5075
3638 5076
655 5077
3471 5078
5079 8875
5080 7534
5081 8232
5082 7143
2309 5083
5084 7469
4041 5085
5086 8872
4254 5087
895 5088
5089 6710
3600 5090
5091 6452
2523 5092
4370 5093
5094 8645
5095 5347
5096 7177
4178 5097
1888 5098
5099 7899
5100 6977
5101 5419
5102 7253
5103 6424
2062 5104
4069 5105
2155 5106
5107 8446
1526 5108
1904 5109
217 5110
5111 8309
1182 5112
3185 5113
5114 8589
5115 5940
3443 5116
479 5117
5118 5973
4706 5119
5120 6413
5121 6008
3082 5122
3069 5123
5124 9247
1534 5125
3080 5126
2396 5127
3573 5128
5129 7203
5130 7170
5131 5900
3765 5132
5133 6785
5134 6282
1598 5135
1810 5136
4545 5137
5138 8449
3599 5139
5140 8500
777 5141
597 5142
4647 5143
184 5144
531 5145
2651 5146
2437 5147
3336 5148
4378 5149
5150 9287
5151 8838
5152 5226
4057 5153
5154 9616
5155 8087
5156 7807
5157 7004
5158 9113
5159 6110
3517 5160
5161 8033
2746 5162
3072 5163
3378 5164
5165 9299
5084 5166
5167 8103
5168 8214
5169 7006
5170 6610
973 5171
3729 5172
5173 9380
4195 5174
5175 7187
5176 8658
2449 5177
1087 5178
5179 5523
221 5180
326 5181
5182 9066
5183 5854
2735 5184
3643 5185
5186 8009
5187 8324
5188 9746
703 5189
2285 5190
5191 6316
5035 5192
1249 5193
3468 5194
1327 5195
4482 5196
1726 5197
2885 5198
5199 9849
5200 6431
5201 5316
5202 8288
872 5203
764 5204
905 5205
992 5206
757 5207
3827 5208
1496 5209
1896 5210
2740 5211
5212 8443
4267 5213
2655 5214
5215 6233
5216 5539
5217 7513
5218 6749
5219 9097
1247 5220
5221 9169
5222 7488
1803 5223
5224 7754
5225 9997
3811 5226
2350 5227
462 5228
3699 5229
5230 6115
4801 5231
5232 7443
2408 5233
2522 5234
1737 5235
5003 5236
5237 8332
898 5238
5239 9844
1652 5240
5241 8706
5242 8322
2990 5243
4891 5244
4727 5245
5246 5952
3421 5247
4490 5248
5007 5249
4558 5250
5251 6426
5252 7839
1807 5253
3090 5254
5255 5689
962 5256
3039 5257
1865 5258
5259 8544
5080 5260
5261 7527
3736 5262
73 5263
2611 5264
1079 5265
5266 9114
5267 8293
5268 5277
5269 9635
5270 9090
5271 7414
5272 6756
5273 5491
5274 8093
5275 6057
1723 5276
5277 7659
5278 9158
5279 9661
5280 7485
5281 9233
5282 9935
3071 5283
5284 5345
268 5285
5286 9794
4029 5287
5288 5908
5289 7767
5290 8082
5291 8292
2996 5292
1921 5293
5207 5294
5295 5475
3513 5296
5297 9270
2629 5298
5299 6562
5300 6223
5301 8516
717 5302
4316 5303
5304 7468
1432 5305
2142 5306
5307 8050
5308 8245
5309 8243
5310 9406
5311 7298
5020 5312
5313 5572
5314 5474
2677 5315
5316 9397
5317 6050
668 5318
2266 5319
2380 5320
2786 5321
3595 5322
5323 8273
5324 7283
5325 7422
2873 5326
4154 5327
4631 5328
5329 9547
2624 5330
5331 9700
4590 5332
5265 5333
4968 5334
5335 6663
5048 5336
1203 5337
2184 5338
852 5339
1003 5340
5341 6973
3403 5342
684 5343
1627 5344
3656 5345
3449 5346
993 5347
5348 8482
5349 6500
4018 5350
1892 5351
4684 5352
5353 9854
5354 5824
1501 5355
5356 7247
3777 5357
351 5358
5359 5547
5360 9741
4099 5361
5124 5362
5363 7508
5364 8816
5278 5365
1715 5366
4575 5367
2769 5368
5369 8334
5370 7338
3915 5371
1149 5372
612 5373
4359 5374
5375 9927
5376 8975
5377 5895
4176 5378
5379 7035
2776 5380
2614 5381
2218 5382
5383 7715
5384 7109
403 5385
5386 6729
5387 8076
4246 5388
190 5389
5390 9690
5391 7973
4229 5392
3981 5393
4465 5394
5395 6660
5396 6596
5397 6040
4455 5398
5399 5667
5400 6642
4473 5401
5402 7916
4121 5403
2667 5404
5405 8019
5406 6510
5407 7662
5408 5549
3415 5409
2772 5410
3195 5411
5412 6548
4676 5413
2493 5414
2783 5415
5023 5416
4581 5417
5418 9542
5419 9761
259 5420
5421 7249
1462 5422
5423 9490
843 5424
3914 5425
5426 7518
4799 5427
5428 7213
5429 7546
5430 7020
5431 6023
1617 5432
5433 5552
3230 5434
5435 7783
1491 5436
2271 5437
3101 5438
5439 9411
5440 5509
3590 5441
1111 5442
5085 5443
4184 5444
4974 5445
5446 5573
5447 9023
5448 8751
116 5449
4662 5450
5451 9806
168 5452
790 5453
4166 5454
5104 5455
4637 5456
1454 5457
5458 9908
1564 5459
5460 7237
4753 5461
5462 6109
3835 5463
5070 5464
5170 5465
4554 5466
3157 5467
5468 5666
4931 5469
5470 5519
5471 6066
5472 7091
5473 6765
4909 5474
1212 5475
4961 5476
4175 5477
412 5478
2233 5479
2582 5480
1117 5481
5482 9949
485 5483
2399 5484
5485 9358
1065 5486
4616 5487
4823 5488
1427 5489
5163 5490
527 5491
5492 6817
1886 5493
5494 5774
4938 5495
4308 5496
5497 6868
5498 7682
5499 9126
2765 5500
5501 9329
4855 5502
5503 5517
5504 9655
2742 5505
2704 5506
5507 9224
4290 5508
1610 5509
5510 8792
2952 5511
3074 5512
5513 5602
5514 8858
5515 8707
1714 5516
1546 5517
5518 5574
5519 8813
2794 5520
5521 7301
3313 5522
4224 5523
321 5524
5525 8724
1 5526
5527 6523
1123 5528
4278 5529
670 5530
4949 5531
5532 6421
5533 8964
3361 5534
4028 5535
5536 6497
1196 5537
5538 9037
5539 6342
5540 6063
3477 5541
5542 8886
5543 9222
4138 5544
4140 5545
4263 5546
2908 5547
4036 5548
3030 5549
5122 5550
5551 6093
5094 5552
4466 5553
5554 6470
5555 6746
75 5556
2564 5557
1312 5558
5559 8681
5560 6451
2976 5561
1135 5562
2949 5563
314 5564
3554 5565
2349 5566
5567 9765
4767 5568
5569 5775
95 5570
856 5571
5572 8144
5380 5573
3990 5574
5506 5575
3849 5576
2664 5577
5578 7722
4349 5579
5580 7077
5581 8577
2545 5582
1290 5583
5584 9679
2652 5585
5586 6774
1221 5587
1836 5588
1657 5589
5 5590
211 5591
4434 5592
5593 5838
5594 5761
1377 5595
244 5596
1727 5597
5598 7532
5599 7853
5600 8092
1922 5601
2802 5602
3022 5603
525 5604
4086 5605
5308 5606
5607 9355
5608 6647
5609 8277
3010 5610
4059 5611
5612 5834
1722 5613
2295 5614
1057 5615
3726 5616
5617 6537
5618 6653
2071 5619
5620 7472
5201 5621
5622 8086
5623 7010
5624 9902
5625 9135
2585 5626
5627 8887
5628 7928
5629 9420
2981 5630
5631 7462
5632 9182
5633 5641
5634 9198
5635 7076
5636 5752
5637 9614
5638 8305
5639 8880
4690 5640
3852 5641
2693 5642
3977 5643
4849 5644
3715 5645
5646 8560
4986 5647
3339 5648
5649 5819
2969 5650
5651 6005
2050 5652
1909 5653
4719 5654
5655 6235
5185 5656
227 5657
5658 9577
5659 8848
3142 5660
5661 6735
2524 5662
5663 9510
5664 9399
3442 5665
3880 5666
5667 6062
5668 9061
3354 5669
3244 5670
188 5671
689 5672
5673 8107
2948 5674
355 5675
2546 5676
1639 5677
2066 5678
130 5679
2069 5680
942 5681
5682 7506
2457 5683
5684 7216
5685 8017
4744 5686
1994 5687
5688 9683
984 5689
5690 6160
5691 5790
5692 9647
768 5693
2122 5694
5695 7117
1146 5696
1649 5697
1895 5698
1464 5699
4716 5700
1542 5701
5702 7657
5703 6071
2806 5704
903 5705
1996 5706
1342 5707
1318 5708
745 5709
3870 5710
149 5711
5275 5712
5713 8409
5714 5859
5715 8379
4809 5716
5717 8329
1650 5718
4577 5719
5720 7947
4723 5721
4734 5722
5723 6594
5648 5724
711 5725
1021 5726
3334 5727
1637 5728
4412 5729
5730 7789
2294 5731
5732 7179
5733 9976
652 5734
850 5735
5736 7155
4593 5737
1201 5738
5739 8250
1094 5740
5741 9799
5001 5742
2900 5743
4035 5744
5745 7512
2329 5746
5747 6218
5464 5748
5749 6415
3304 5750
5425 5751
990 5752
5753 6672
4648 5754
5755 8164
5756 7854
5757 7045
5758 9009
4384 5759
5760 8215
4815 5761
5762 7663
5763 7262
5764 7879
2073 5765
108 5766
5767 6239
3839 5768
5769 6591
5699 5770
1444 5771
3959 5772
1700 5773
5774 7309
5775 6365
3987 5776
4962 5777
5778 8943
1340 5779
5476 5780
5781 6247
1421 5782
5783 9376
2125 5784
5785 8640
1514 5786
5787 7761
5038 5788
5772 5789
1391 5790
422 5791
1440 5792
4921 5793
2238 5794
5325 5795
1074 5796
5797 6469
5798 7431
5799 6307
1321 5800
2657 5801
5794 5802
5400 5803
4301 5804
4854 5805
5806 9498
5729 5807
5808 8754
5809 7268
5810 9994
5811 7286
144 5812
5813 5899
718 5814
3881 5815
5816 8067
5817 8383
5818 9041
4471 5819
5820 7096
954 5821
2758 5822
5823 8970
5824 7391
5825 6474
5826 7616
411 5827
5828 6265
3325 5829
5830 7856
3161 5831
4392 5832
2188 5833
5592 5834
957 5835
5836 9085
5837 9624
4273 5838
650 5839
2633 5840
4805 5841
3579 5842
3644 5843
3705 5844
3057 5845
5846 8193
4912 5847
5848 6993
5849 7848
4848 5850
3539 5851
2502 5852
2424 5853
2898 5854
1976 5855
332 5856
5857 8153
2191 5858
5859 7626
5860 6597
5861 6631
5121 5862
5863 6253
236 5864
5865 9207
4499 5866
1478 5867
4106 5868
5869 6114
1322 5870
3941 5871
2371 5872
5720 5873
5874 8318
4032 5875
4686 5876
2503 5877
2967 5878
2412 5879
5880 8021
3501 5881
5882 9409
5883 9452
5884 7339
5246 5885
4993 5886
5887 9592
815 5888
5447 5889
3373 5890
2964 5891
2526 5892
5893 7543
598 5894
5605 5895
4569 5896
5897 9882
5898 6113
5899 6679
4446 5900
2204 5901
5902 9157
2052 5903
760 5904
4332 5905
5383 5906
5907 5959
814 5908
5909 9237
5777 5910
4401 5911
5912 8686
5913 9518
4130 5914
5915 6477
3299 5916
2978 5917
1393 5918
296 5919
5920 8372
5566 5921
5783 5922
5923 9220
5924 7594
2831 5925
432 5926
125 5927
3458 5928
3723 5929
4618 5930
4272 5931
4414 5932
685 5933
3631 5934
5935 8832
5608 5936
5937 9298
5938 6513
5939 8271
5940 5962
3483 5941
5942 6049
5943 7153
4918 5944
1992 5945
4087 5946
5947 8114
5674 5948
551 5949
5950 7418
5951 9675
2263 5952
33 5953
5954 7436
5955 7057
4563 5956
5957 6033
5958 6492
2192 5959
1189 5960
5961 8667
1691 5962
3503 5963
4643 5964
5965 6483
5966 9253
5193 5967
682 5968
5672 5969
5796 5970
5971 7467
2198 5972
5973 6974
1654 5974
4667 5975
4557 5976
5977 7082
5978 9324
5979 9080
5980 7857
5981 9427
5982 8359
3744 5983
1675 5984
5706 5985
1940 5986
1458 5987
4485 5988
5989 9105
4120 5990
5395 5991
4472 5992
1447 5993
32 5994
5388 5995
5996 6061
5997 9437
4788 5998
1108 5999
6000 8987
3263 6001
4896 6002
3431 6003
6004 9141
2026 6005
5150 6006
6007 8557
1986 6008
6009 9755
6010 7127
5072 6011
3396 6012
5274 6013
1847 6014
3956 6015
4509 6016
3826 6017
2530 6018
6019 9259
39 6020
2793 6021
1928 6022
5531 6023
6024 8150
927 6025
6026 9170
6027 9826
3034 6028
2430 6029
6030 7962
6031 9548
2436 6032
546 6033
2096 6034
6035 6997
1622 6036
491 6037
132 6038
6039 7194
2395 6040
4906 6041
6042 8109
3119 6043
6044 8992
1285 6045
5057 6046
6047 9620
2048 6048
5534 6049
6050 8145
4404 6051
5252 6052
1293 6053
1689 6054
6055 8386
3640 6056
1401 6057
3814 6058
6059 8462
6016 6060
6061 8760
6062 6734
5771 6063
5827 6064
5934 6065
3942 6066
6067 8410
2416 6068
6069 8326
6070 7475
81 6071
160 6072
248 6073
4360 6074
6075 8398
3652 6076
1881 6077
2441 6078
6079 9249
6080 8596
6081 8652
6082 6536
5184 6083
6084 9822
2351 6085
6086 9183
6087 8818
6088 7698
2913 6089
3824 6090
5836 6091
6092 9803
5695 6093
4124 6094
4079 6095
5065 6096
641 6097
3967 6098
1771 6099
3802 6100
4606 6101
6102 8843
6103 8331
5831 6104
6105 7688
723 6106
3614 6107
6108 6619
6109 6384
6110 8602
4604 6111
5037 6112
2003 6113
6114 7558
6115 8567
929 6116
1977 6117
6118 8538
141 6119
6120 8196
1842 6121
4251 6122
6123 7453
6124 6502
3166 6125
2257 6126
4632 6127
1096 6128
6129 9187
6130 6408
6131 7474
3619 6132
6133 6747
6134 6436
3787 6135
393 6136
5671 6137
1672 6138
19 6139
2514 6140
6141 7622
4024 6142
2922 6143
1370 6144
5507 6145
6146 9652
6122 6147
5123 6148
3007 6149
6150 9663
5190 6151
3969 6152
5000 6153
4134 6154
5707 6155
1765 6156
6157 6912
6158 7387
6159 6211
6160 6925
4730 6161
6162 9627
6163 9874
3885 6164
478 6165
6166 9269
6167 6652
6168 8927
4955 6169
5301 6170
2124 6171
6172 8094
5135 6173
2273 6174
6175 7299
1113 6176
6177 6730
2099 6178
811 6179
6180 6776
6181 8348
2749 6182
4911 6183
4550 6184
3310 6185
6186 7377
6187 6893
6188 6575
6189 6327
520 6190
6191 7764
6130 6192
6193 8162
782 6194
5529 6195
6196 8085
445 6197
1331 6198
6199 8034
715 6200
2565 6201
2230 6202
6184 6203
1452 6204
6205 9370
501 6206
1778 6207
6208 7180
3889 6209
6210 6889
6211 9730
2445 6212
4160 6213
6214 7569
2245 6215
6216 8591
6217 7457
6218 8839
5422 6219
2623 6220
6221 9110
6222 8339
6223 6343
4322 6224
4856 6225
4320 6226
6227 9464
2392 6228
210 6229
6230 9242
1097 6231
6232 7407
5374 6233
6234 7870
6235 7709
2580 6236
6237 6910
1270 6238
6004 6239
6240 8044
4628 6241
448 6242
2787 6243
6244 7850
4428 6245
4065 6246
6247 6906
6248 9926
749 6249
5890 6250
1436 6251
6252 6260
6253 7073
6254 6486
6255 8861
5793 6256
6257 6484
6258 7148
6259 8638
6260 6580
423 6261
5125 6262
6263 8633
4180 6264
842 6265
3703 6266
6267 6270
5633 6268
5795 6269
6270 7524
6271 7829
1301 6272
126 6273
6274 6644
6275 7862
4048 6276
6277 9840
3529 6278
1294 6279
6280 9073
2768 6281
2594 6282
6283 7781
6284 9139
6285 8703
12 6286
6287 6387
6288 7494
5437 6289
1280 6290
4072 6291
6292 7008
2618 6293
6294 8152
6295 8753
3789 6296
6297 9272
2077 6298
6299 8952
6300 7655
858 6301
4460 6302
6303 9005
4847 6304
4970 6305
176 6306
2734 6307
6308 6481
1671 6309
5526 6310
1827 6311
6312 8876
6313 9835
6314 8972
1466 6315
658 6316
6317 8422
2602 6318
4516 6319
746 6320
1728 6321
5355 6322
3425 6323
194 6324
5522 6325
6326 6843
5407 6327
6328 9611
2595 6329
4737 6330
6299 6331
5062 6332
5153 6333
6298 6334
2409 6335
4186 6336
6337 6863
6338 7744
6335 6339
6340 7079
4185 6341
931 6342
1941 6343
5878 6344
2317 6345
1912 6346
3767 6347
3202 6348
4304 6349
6350 6795
6351 8659
6352 7205
4609 6353
1782 6354
6355 8229
3688 6356
5927 6357
6358 9147
5688 6359
3147 6360
5551 6361
6362 8762
5255 6363
2406 6364
5661 6365
6366 9178
3362 6367
6368 6822
4097 6369
1142 6370
6371 8537
6372 8392
4336 6373
4870 6374
4142 6375
2307 6376
3920 6377
3221 6378
2256 6379
6380 9294
6381 7648
1406 6382
6383 6865
4975 6384
6385 6764
4886 6386
6387 9509
6388 8425
6389 6507
6390 8718
6391 9277
6392 8064
6393 6753
6394 7964
4083 6395
1644 6396
261 6397
6398 8466
6399 6595
6400 7666
5209 6401
5520 6402
6403 8238
6404 6915
6405 7884
6406 8692
5754 6407
2875 6408
6409 9482
6410 7908
5063 6411
6412 7646
1699 6413
2760 6414
6415 8408
3527 6416
3666 6417
6418 6907
6419 7704
1707 6420
6421 8090
3709 6422
6423 8722
911 6424
1589 6425
5443 6426
6427 6677
4542 6428
6429 6927
2162 6430
3557 6431
4292 6432
4033 6433
5651 6434
2432 6435
5635 6436
3327 6437
6438 8454
6439 7028
5423 6440
1931 6441
6442 9678
6443 7591
2463 6444
6224 6445
4893 6446
166 6447
559 6448
6449 6984
1999 6450
4356 6451
5965 6452
1116 6453
6454 6823
1853 6455
6456 7519
366 6457
3065 6458
3410 6459
86 6460
6461 9832
101 6462
6463 7613
1878 6464
1687 6465
97 6466
1045 6467
3111 6468
3113 6469
6470 7746
6471 8571
3035 6472
3822 6473
5349 6474
3127 6475
3547 6476
3271 6477
3774 6478
3701 6479
3912 6480
6481 6687
5175 6482
6483 7350
6484 9959
379 6485
6486 9286
5044 6487
5239 6488
2780 6489
505 6490
3394 6491
6132 6492
3105 6493
6494 9290
2828 6495
6496 7877
4990 6497
5413 6498
6499 9045
2135 6500
3732 6501
535 6502
4014 6503
6504 9528
5993 6505
5101 6506
3187 6507
6508 9998
6509 7963
6510 7766
2153 6511
4225 6512
1969 6513
5112 6514
6515 9727
5814 6516
6517 8535
4034 6518
4420 6519
6520 9433
6353 6521
2984 6522
4256 6523
336 6524
3674 6525
6526 7523
1411 6527
1602 6528
6529 6576
1718 6530
896 6531
6532 6946
3289 6533
6534 7804
3865 6535
6536 8569
5885 6537
6538 7798
3475 6539
2540 6540
1467 6541
457 6542
1460 6543
44 6544
278 6545
6546 9431
6547 9293
3691 6548
515 6549
6550 7577
3305 6551
6552 7089
198 6553
913 6554
6555 6981
6556 7239
5306 6557
6558 9186
4016 6559
6560 8231
1880 6561
14 6562
6563 9555
6506 6564
4461 6565
783 6566
5439 6567
6568 8704
6569 7568
6570 8168
6571 6718
4205 6572
6573 9304
6360 6574
3330 6575
6092 6576
2385 6577
6578 7372
6579 8935
3929 6580
6581 9866
6582 9131
1016 6583
5021 6584
585 6585
3973 6586
5302 6587
4830 6588
6589 7675
6070 6590
6591 9423
419 6592
6593 6879
642 6594
2490 6595
4128 6596
6597 7639
6598 8362
6372 6599
6600 7507
6076 6601
6602 8696
6603 9919
2431 6604
4578 6605
2244 6606
4352 6607
6608 9787
4210 6609
5803 6610
6611 8844
6612 6899
4326 6613
2588 6614
6615 7861
4920 6616
5714 6617
328 6618
6619 7521
6277 6620
800 6621
2092 6622
4424 6623
6624 7979
1873 6625
1353 6626
214 6627
1030 6628
6629 8930
4220 6630
1528 6631
6632 9206
25 6633
1380 6634
6635 8461
519 6636
6637 8769
6638 9638
6639 6979
4916 6640
4255 6641
599 6642
561 6643
3564 6644
4881 6645
6153 6646
3097 6647
4972 6648
5678 6649
6650 9214
6268 6651
6652 7992
6653 9766
6654 8402
6655 9738
6615 6656
6657 9780
454 6658
626 6659
6660 9268
5137 6661
6662 7415
6663 9333
5571 6664
3416 6665
2649 6666
4327 6667
602 6668
5350 6669
1578 6670
5628 6671
2472 6672
6673 9824
5130 6674
3930 6675
2471 6676
6677 8600
6678 9582
6432 6679
6310 6680
3281 6681
2993 6682
5159 6683
6684 7161
5346 6685
4940 6686
2559 6687
6688 9572
5467 6689
4191 6690
5968 6691
4377 6692
6693 8612
6694 9778
1513 6695
731 6696
1448 6697
5739 6698
6699 9798
528 6700
666 6701
6702 7809
4264 6703
6704 6914
2719 6705
2644 6706
6017 6707
6708 8507
1721 6709
6710 9477
5144 6711
2167 6712
5320 6713
5856 6714
3163 6715
4778 6716
6717 7495
6582 6718
1502 6719
6720 9556
6721 9702
1013 6722
978 6723
6724 9164
5077 6725
6726 9952
4132 6727
4475 6728
69 6729
6730 8206
4293 6731
13 6732
1345 6733
6734 6952
6735 8421
6433 6736
6737 8236
5963 6738
4040 6739
6740 7819
2089 6741
3144 6742
6743 9825
5414 6744
4797 6745
6746 7438
2817 6747
6748 7765
3583 6749
3553 6750
6751 8027
5149 6752
6753 9956
3258 6754
3266 6755
6756 7838
272 6757
4441 6758
5569 6759
2152 6760
6761 8308
3534 6762
6763 9898
6764 9772
6103 6765
6766 9416
252 6767
6768 7175
2327 6769
6549 6770
4148 6771
6772 8184
5778 6773
5224 6774
6775 9101
6776 9514
784 6777
6778 8295
2628 6779
1315 6780
6781 7548
1668 6782
6783 8147
6032 6784
6785 8272
6786 8486
6787 9028
6788 7624
1434 6789
6790 9081
6791 7381
1638 6792
3775 6793
6794 6845
6795 7085
4226 6796
671 6797
6798 8311
2605 6799
6800 9982
6139 6801
4306 6802
844 6803
5541 6804
6805 8801
5113 6806
4772 6807
6808 7465
1603 6809
6810 8428
3020 6811
6812 8340
4201 6813
6814 8895
6375 6815
4956 6816
5138 6817
6818 8744
1012 6819
3628 6820
6821 7093
5288 6822
5530 6823
3218 6824
6825 8350
1551 6826
5906 6827
6828 6926
877 6829
5079 6830
508 6831
6254 6832
5160 6833
1952 6834
3405 6835
2608 6836
6182 6837
2008 6838
3700 6839
1733 6840
5726 6841
6842 8928
6843 9449
2193 6844
6845 9099
979 6846
4418 6847
6304 6848
6849 9894
6528 6850
6851 9345
6852 9060
1083 6853
6646 6854
5985 6855
2027 6856
3671 6857
6858 9771
6859 9612
6860 9557
6393 6861
6862 7968
6863 9465
775 6864
6865 9196
2034 6866
23 6867
415 6868
6869 7921
3899 6870
6871 9615
6872 9753
3829 6873
6874 9472
6875 7599
3499 6876
263 6877
6557 6878
3622 6879
6880 7758
5606 6881
4070 6882
459 6883
3366 6884
6885 9978
6886 8757
31 6887
3420 6888
6889 8628
1883 6890
6702 6891
1588 6892
4559 6893
1412 6894
1159 6895
6896 7755
6129 6897
5081 6898
2215 6899
6524 6900
909 6901
5874 6902
2205 6903
1151 6904
142 6905
1214 6906
4888 6907
3713 6908
6885 6909
6910 7094
6207 6911
6912 9654
3982 6913
88 6914
3064 6915
6798 6916
6917 7435
1775 6918
4704 6919
5323 6920
6921 8378
794 6922
4925 6923
6924 8915
6925 9453
3706 6926
5429 6927
6928 8000
6929 6931
6930 7454
6931 8982
6932 9511
6933 7139
6241 6934
836 6935
6936 9543
303 6937
5632 6938
4698 6939
4658 6940
6941 9378
6031 6942
3489 6943
741 6944
2482 6945
728 6946
1974 6947
2625 6948
4941 6949
2030 6950
1655 6951
2488 6952
2615 6953
2216 6954
6955 9699
6956 8470
5788 6957
6958 8874
5866 6959
977 6960
6531 6961
6962 7683
6963 9256
924 6964
4531 6965
6966 9873
6933 6967
2966 6968
6969 9204
5535 6970
4930 6971
3283 6972
5064 6973
1455 6974
3224 6975
6976 7425
3151 6977
6978 9507
6979 9181
6152 6980
4484 6981
6982 7933
3257 6983
4458 6984
1505 6985
5565 6986
4411 6987
5797 6988
1961 6989
1207 6990
6991 9315
1558 6992
1799 6993
3040 6994
3560 6995
6639 6996
6997 9573
1059 6998
1100 6999
7000 7628
1929 7001
258 7002
6364 7003
2039 7004
5822 7005
2764 7006
5140 7007
3858 7008
7009 9860
3053 7010
1920 7011
1067 7012
7013 7924
6508 7014
679 7015
46 7016
7017 9569
1350 7018
2070 7019
7001 7020
787 7021
240 7022
6208 7023
7024 8999
253 7025
621 7026
4685 7027
4064 7028
7029 9562
5428 7030
4773 7031
4552 7032
6200 7033
3949 7034
5721 7035
7036 8949
7037 7255
6709 7038
5558 7039
3522 7040
7041 7818
2268 7042
5741 7043
3537 7044
53 7045
880 7046
4227 7047
7048 8598
3970 7049
4284 7050
7051 8399
1995 7052
2567 7053
3170 7054
7055 9096
1923 7056
1595 7057
2006 7058
4270 7059
324 7060
3292 7061
3393 7062
5236 7063
358 7064
6779 7065
7066 7240
7067 8011
2894 7068
6901 7069
7070 9179
5054 7071
276 7072
2771 7073
7074 9173
4784 7075
1307 7076
4179 7077
431 7078
2247 7079
6348 7080
1990 7081
7082 8427
2892 7083
5591 7084
7085 9912
4996 7086
5411 7087
6788 7088
2775 7089
3633 7090
7088 7091
3838 7092
2114 7093
4654 7094
4945 7095
5338 7096
4882 7097
2379 7098
7099 8483
7100 9407
1555 7101
7102 7940
5459 7103
4875 7104
7105 7152
7106 8039
6525 7107
5233 7108
2930 7109
2882 7110
3177 7111
3446 7112
7113 8287
6332 7114
6447 7115
1948 7116
6881 7117
3819 7118
7119 8649
5853 7120
6691 7121
7122 8077
6716 7123
1239 7124
7125 8510
7126 7556
4908 7127
6723 7128
4235 7129
41 7130
6402 7131
2987 7132
2977 7133
6077 7134
118 7135
7136 7225
4295 7137
4991 7138
7139 9848
7140 9979
3815 7141
4357 7142
2708 7143
6740 7144
2038 7145
7146 8931
7147 8016
5107 7148
7149 8953
4897 7150
7151 9418
994 7152
1205 7153
7154 9723
7155 8312
6324 7156
460 7157
3655 7158
7159 7181
458 7160
4978 7161
5693 7162
7163 9100
6267 7164
6613 7165
6825 7166
7167 8660
7168 7401
7084 7169
6916 7170
4866 7171
1476 7172
2670 7173
2461 7174
7175 9995
7176 9559
6197 7177
3923 7178
5652 7179
3008 7180
4976 7181
1138 7182
128 7183
2085 7184
5031 7185
1632 7186
6676 7187
1736 7188
5984 7189
6837 7190
4152 7191
7192 7428
6052 7193
7194 9534
568 7195
3578 7196
2859 7197
3689 7198
138 7199
3399 7200
7201 7909
2211 7202
171 7203
357 7204
2059 7205
7206 9057
912 7207
2600 7208
1936 7209
4045 7210
3250 7211
3474 7212
925 7213
4595 7214
7215 9783
6738 7216
6697 7217
7218 9144
7219 8158
7220 8685
7221 8697
6369 7222
6626 7223
20 7224
2959 7225
7002 7226
1254 7227
4400 7228
7204 7229
4783 7230
3024 7231
5812 7232
1418 7233
7234 8387
2517 7235
6544 7236
7195 7237
7238 7975
6739 7239
7240 8530
7241 7263
5166 7242
5987 7243
7244 9265
1567 7245
7246 9809
4964 7247
1887 7248
2547 7249
609 7250
7251 9137
3740 7252
7253 9770
5967 7254
7255 9095
7256 9210
7257 9773
7258 8176
917 7259
7260 8012
7261 9711
3098 7262
3045 7263
3860 7264
7265 7896
2727 7266
1230 7267
2185 7268
7130 7269
7070 7270
3629 7271
7154 7272
1402 7273
7274 9520
7275 9172
7276 9035
1072 7277
2044 7278
7279 9827
7280 8979
6227 7281
2671 7282
4413 7283
7284 9707
7285 9673
7286 7997
5213 7287
2915 7288
1705 7289
2541 7290
5880 7291
1367 7292
4836 7293
5220 7294
3549 7295
5802 7296
4193 7297
7298 7499
7299 8735
6010 7300
191 7301
7302 8268
5681 7303
645 7304
7305 7836
3259 7306
1593 7307
2348 7308
3584 7309
5977 7310
1509 7311
6456 7312
6366 7313
1267 7314
3754 7315
4350 7316
3995 7317
3627 7318
7319 7351
7320 8788
502 7321
1268 7322
694 7323
7160 7324
6472 7325
2830 7326
1234 7327
6278 7328
7329 9125
2890 7330
2509 7331
506 7332
5843 7333
7334 8091
5717 7335
7336 8352
6815 7337
317 7338
755 7339
3018 7340
7341 7825
2912 7342
5365 7343
3315 7344
7066 7345
5622 7346
7347 9541
7348 9236
7349 9767
1541 7350
6396 7351
1183 7352
3964 7353
1093 7354
6741 7355
4742 7356
2544 7357
301 7358
5835 7359
7360 8327
1168 7361
7362 8868
3524 7363
7364 9127
5241 7365
7366 9071
352 7367
6713 7368
6292 7369
7370 9349
6707 7371
1835 7372
3229 7373
3418 7374
2477 7375
4208 7376
7377 7505
1326 7378
6996 7379
3135 7380
7381 9714
7382 8436
7383 9793
7384 8688
2751 7385
7386 7935
5931 7387
605 7388
2659 7389
6106 7390
691 7391
4146 7392
5516 7393
4703 7394
3904 7395
7396 9920
4110 7397
3528 7398
6775 7399
1396 7400
4776 7401
7402 8566
7403 8803
7404 7912
2362 7405
7406 7576
1177 7407
2880 7408
6599 7409
4488 7410
5109 7411
7412 8587
3223 7413
2220 7414
2887 7415
2237 7416
922 7417
4249 7418
699 7419
1935 7420
4213 7421
3605 7422
1190 7423
7424 7891
7129 7425
5095 7426
606 7427
7428 8764
2709 7429
2920 7430
5167 7431
7432 8583
727 7433
7434 8945
1868 7435
3358 7436
5299 7437
2561 7438
7439 9856
7440 8484
197 7441
2621 7442
1025 7443
7444 9883
2103 7445
1178 7446
7447 8367
2250 7448
7100 7449
6800 7450
7451 8104
4449 7452
3639 7453
7454 7678
6009 7455
5218 7456
7457 9721
5503 7458
7459 9314
2982 7460
206 7461
2157 7462
7147 7463
4833 7464
4883 7465
3798 7466
74 7467
5713 7468
4230 7469
4109 7470
6623 7471
2101 7472
7473 8061
7474 8918
6920 7475
7476 9807
7477 7723
5455 7478
6711 7479
2808 7480
7481 8742
2592 7482
267 7483
7484 8550
5436 7485
7486 8471
6395 7487
5974 7488
3828 7489
6636 7490
1275 7491
3873 7492
3398 7493
2578 7494
2005 7495
7496 8212
6389 7497
1477 7498
7499 8508
7500 9454
417 7501
4060 7502
7124 7503
4313 7504
5478 7505
7506 8955
7507 8609
4937 7508
6080 7509
793 7510
7511 8783
4726 7512
7513 9921
7514 8194
1109 7515
427 7516
7517 7597
7518 8223
7333 7519
6301 7520
2816 7521
7522 9996
1360 7523
1815 7524
6175 7525
7526 8185
7527 8794
3370 7528
347 7529
2084 7530
673 7531
4804 7532
7533 9205
584 7534
7535 9246
5247 7536
5287 7537
7056 7538
1014 7539
7492 7540
3542 7541
6097 7542
2839 7543
7544 9356
7545 9659
7546 7782
7480 7547
6777 7548
3316 7549
5128 7550
5210 7551
2573 7552
48 7553
5162 7554
2478 7555
6450 7556
2991 7557
3212 7558
6125 7559
7560 7623
1287 7561
3878 7562
7563 9012
3246 7564
7565 8698
7332 7566
6814 7567
4443 7568
1910 7569
1523 7570
4749 7571
6154 7572
378 7573
7574 9014
6985 7575
62 7576
7577 9748
6657 7578
4713 7579
4496 7580
4633 7581
7582 9223
2134 7583
7138 7584
7345 7585
5947 7586
1488 7587
7588 9078
7589 9662
7590 9107
6867 7591
3551 7592
7383 7593
7594 9958
4107 7595
7390 7596
1372 7597
1604 7598
4500 7599
4818 7600
7601 8400
6773 7602
7603 8725
7604 8007
567 7605
3851 7606
49 7607
7097 7608
1656 7609
7610 9961
5636 7611
7612 8922
7613 9553
4409 7614
742 7615
2278 7616
6400 7617
6337 7618
1317 7619
6503 7620
4281 7621
7622 9486
2661 7623
2684 7624
581 7625
7626 8253
7627 7873
7041 7628
6164 7629
7396 7630
7164 7631
2678 7632
705 7633
915 7634
4952 7635
441 7636
5542 7637
918 7638
507 7639
7640 8369
7641 8261
2937 7642
2650 7643
7605 7644
967 7645
970 7646
1628 7647
7648 9180
22 7649
7650 8937
6890 7651
5816 7652
4845 7653
2681 7654
7655 7743
2174 7656
6605 7657
6980 7658
3508 7659
4000 7660
5861 7661
6897 7662
2891 7663
2433 7664
7665 9285
7496 7666
408 7667
2137 7668
3985 7669
3951 7670
3937 7671
7672 9264
1450 7673
4298 7674
3241 7675
4754 7676
7677 7822
3616 7678
2832 7679
7680 9387
4950 7681
2696 7682
7609 7683
4233 7684
6587 7685
4513 7686
7687 9857
2943 7688
5118 7689
6419 7690
7691 8624
7661 7692
6059 7693
7694 8737
182 7695
7696 8407
6134 7697
7578 7698
1717 7699
4873 7700
5174 7701
2259 7702
4701 7703
30 7704
6662 7705
3215 7706
7707 8619
882 7708
7709 8256
456 7710
465 7711
7210 7712
5644 7713
3125 7714
5269 7715
7716 8778
692 7717
619 7718
7719 8608
4374 7720
7721 8260
1788 7722
5735 7723
6090 7724
3308 7725
1752 7726
7727 9016
4194 7728
1334 7729
7730 8914
7731 9176
5055 7732
9 7733
3678 7734
7735 8143
63 7736
7737 9251
7738 9038
3318 7739
7740 8726
7171 7741
3871 7742
7528 7743
7744 8716
5823 7745
6834 7746
7747 9932
7748 8221
7674 7749
6319 7750
4626 7751
2389 7752
6163 7753
3728 7754
7691 7755
7756 9296
5670 7757
956 7758
7759 8787
7267 7760
5373 7761
4694 7762
6917 7763
5770 7764
7765 8749
1890 7766
2506 7767
7768 8505
5074 7769
3733 7770
7771 8592
3936 7772
4495 7773
7774 8024
3634 7775
5293 7776
429 7777
4663 7778
3233 7779
2796 7780
4966 7781
7782 9639
921 7783
4382 7784
5538 7785
7786 9063
6280 7787
4596 7788
3948 7789
7238 7790
281 7791
329 7792
7793 8476
3417 7794
4003 7795
6338 7796
338 7797
7798 9599
1792 7799
2249 7800
5200 7801
6855 7802
5846 7803
5710 7804
2971 7805
623 7806
434 7807
2972 7808
7809 9019
230 7810
863 7811
7812 7880
7813 8026
2542 7814
7049 7815
1548 7816
6959 7817
4922 7818
3940 7819
2714 7820
7821 8974
7822 8345
6055 7823
5581 7824
7825 8069
7826 8790
7547 7827
7828 9751
5326 7829
6135 7830
7831 9549
4491 7832
3181 7833
851 7834
7641 7835
7836 8115
7837 9289
1164 7838
6151 7839
6198 7840
1107 7841
6440 7842
1007 7843
3892 7844
5212 7845
4863 7846
5917 7847
353 7848
7483 7849
3116 7850
7645 7851
2149 7852
2022 7853
7854 8713
100 7855
4494 7856
4708 7857
5692 7858
5195 7859
7860 9334
7861 8548
3084 7862
7863 9470
1073 7864
1233 7865
6622 7866
549 7867
6346 7868
6478 7869
3958 7870
2825 7871
908 7872
2210 7873
7261 7874
7875 8275
3642 7876
7877 9428
5180 7878
3437 7879
7880 9257
4692 7881
6120 7882
5978 7883
3745 7884
4851 7885
6412 7886
1635 7887
2637 7888
4869 7889
4498 7890
1170 7891
6828 7892
4532 7893
7894 8420
1137 7895
3348 7896
7897 9907
7275 7898
7231 7899
2361 7900
4992 7901
6203 7902
3248 7903
7904 9478
6844 7905
982 7906
7907 9676
3928 7908
2112 7909
3395 7910
3872 7911
2926 7912
5303 7913
7914 9538
3106 7915
7916 8390
7917 9805
1954 7918
5012 7919
6759 7920
6388 7921
2367 7922
7923 9040
3114 7924
3013 7925
4337 7926
7927 9485
7749 7928
7929 8882
3464 7930
27 7931
6462 7932
1282 7933
1431 7934
476 7935
7936 9986
6482 7937
7938 9533
789 7939
6480 7940
7941 8075
3536 7942
6841 7943
7907 7944
3801 7945
6 7946
7947 9544
7948 9316
879 7949
7950 8110
2180 7951
7292 7952
7953 9267
7620 7954
6829 7955
224 7956
2119 7957
481 7958
4533 7959
2497 7960
7961 9457
1746 7962
4372 7963
7964 9940
3112 7965
5559 7966
744 7967
5117 7968
7259 7969
1000 7970
3206 7971
4462 7972
7461 7973
899 7974
816 7975
1685 7976
361 7977
7978 8546
7979 9310
7980 8977
1193 7981
3158 7982
7058 7983
1982 7984
195 7985
7986 9400
6603 7987
7988 9630
963 7989
762 7990
1358 7991
5647 7992
5092 7993
7600 7994
7995 9791
5237 7996
2895 7997
4053 7998
514 7999
8000 8072
632 8001
7449 8002
2100 8003
2940 8004
3662 8005
2745 8006
6810 8007
8008 9202
989 8009
6074 8010
8011 8040
5894 8012
5865 8013
8014 8357
5512 8015
2010 8016
5432 8017
8018 8666
4605 8019
5046 8020
2133 8021
6037 8022
2438 8023
6728 8024
7724 8025
3350 8026
7938 8027
8028 9396
1575 8029
7075 8030
2695 8031
4365 8032
4333 8033
8034 8851
617 8035
8036 8907
6234 8037
8038 9343
2368 8039
5151 8040
1311 8041
8042 8971
8043 9722
6453 8044
1446 8045
1629 8046
5557 8047
247 8048
8049 9540
729 8050
6511 8051
2675 8052
3773 8053
7702 8054
8055 8694
65 8056
4340 8057
8058 9694
2115 8059
4082 8060
7951 8061
2046 8062
4259 8063
7926 8064
1615 8065
7750 8066
8067 8621
1759 8068
8069 9672
6180 8070
6630 8071
1597 8072
3686 8073
7810 8074
382 8075
5445 8076
5924 8077
8078 9593
4331 8079
6422 8080
7883 8081
2674 8082
1420 8083
1694 8084
8085 9363
3173 8086
8087 9142
8088 8653
1521 8089
5543 8090
5997 8091
4587 8092
8093 9566
4984 8094
8095 9195
2520 8096
8097 8512
2476 8098
7328 8099
2321 8100
5484 8101
8102 9116
8103 9901
1348 8104
4279 8105
3842 8106
2148 8107
8108 8534
6681 8109
7043 8110
7137 8111
2199 8112
7602 8113
5991 8114
1777 8115
8113 8116
4781 8117
6824 8118
3000 8119
4641 8120
373 8121
7272 8122
2056 8123
8124 9067
8125 8963
3286 8126
4736 8127
8020 8128
1195 8129
8130 9992
2470 8131
4946 8132
5261 8133
769 8134
1394 8135
937 8136
1531 8137
5456 8138
270 8139
8140 9445
8141 8613
8142 8586
3785 8143
381 8144
4926 8145
2421 8146
8147 8401
1824 8148
4044 8149
298 8150
8151 9749
834 8152
6141 8153
3559 8154
2242 8155
7059 8156
3043 8157
8158 8833
7264 8159
7828 8160
6339 8161
5041 8162
5664 8163
6633 8164
3121 8165
8166 9830
7250 8167
8168 9463
8169 9782
8170 8938
3138 8171
1966 8172
8173 9513
5369 8174
953 8175
6509 8176
5767 8177
3972 8178
5579 8179
3134 8180
6345 8181
3017 8182
8183 8554
1549 8184
3521 8185
5567 8186
3444 8187
8188 8673
4247 8189
8190 9231
2851 8191
7336 8192
7411 8193
6778 8194
840 8195
7019 8196
3894 8197
8198 8521
7903 8199
7176 8200
1563 8201
5034 8202
8203 8604
8204 9217
1180 8205
8106 8206
169 8207
5773 8208
2584 8209
8210 9243
3690 8211
2686 8212
3902 8213
893 8214
991 8215
571 8216
5663 8217
7245 8218
77 8219
8220 8705
2864 8221
5680 8222
5858 8223
8224 8802
8225 9191
2068 8226
8227 9604
4143 8228
7712 8229
1913 8230
2998 8231
8232 8842
2730 8233
7800 8234
7248 8235
3961 8236
2785 8237
8238 9448
2974 8239
7872 8240
7817 8241
3714 8242
2707 8243
8244 9853
5611 8245
7567 8246
8247 9551
4876 8248
2086 8249
5004 8250
7397 8251
6902 8252
6220 8253
1272 8254
5950 8255
7584 8256
4705 8257
5102 8258
686 8259
1160 8260
848 8261
8262 8984
4760 8263
8264 9977
8265 8307
8266 9244
4222 8267
4068 8268
830 8269
4824 8270
512 8271
2383 8272
498 8273
7200 8274
1082 8275
1709 8276
1423 8277
8278 9328
2804 8279
7024 8280
7285 8281
7902 8282
3516 8283
5603 8284
3473 8285
6374 8286
5709 8287
2532 8288
8210 8289
8290 8413
3672 8291
8292 8770
7697 8293
4457 8294
8295 9716
4514 8296
3488 8297
2279 8298
8299 8650
5799 8300
6266 8301
8224 8302
2320 8303
6240 8304
5440 8305
5250 8306
1437 8307
8308 8827
2761 8309
3478 8310
3783 8311
2759 8312
5508 8313
1993 8314
1140 8315
8316 9002
7948 8317
6176 8318
7999 8319
6745 8320
2763 8321
5907 8322
6386 8323
2795 8324
7393 8325
7456 8326
8327 9312
7423 8328
5351 8329
2919 8330
6658 8331
7188 8332
8303 8333
6629 8334
2836 8335
54 8336
1587 8337
8338 8683
8339 9545
1960 8340
2282 8341
8207 8342
7943 8343
4311 8344
3620 8345
6290 8346
4257 8347
2223 8348
6464 8349
3910 8350
6437 8351
8352 9622
2481 8353
2025 8354
5813 8355
3256 8356
5344 8357
7731 8358
1304 8359
1232 8360
2829 8361
2950 8362
6177 8363
4417 8364
2384 8365
8234 8366
4932 8367
8154 8368
5801 8369
3209 8370
7290 8371
8372 9505
759 8373
2852 8374
1820 8375
8376 9897
6262 8377
1237 8378
1735 8379
5682 8380
7149 8381
2551 8382
5082 8383
3110 8384
8385 8594
4451 8386
6989 8387
3107 8388
2 8389
4335 8390
5733 8391
8392 9258
4442 8393
8394 9283
8395 8682
5444 8396
5352 8397
938 8398
5630 8399
3893 8400
2750 8401
254 8402
1366 8403
5466 8404
8037 8405
5322 8406
6552 8407
7669 8408
2175 8409
6166 8410
2607 8411
8412 9059
3279 8413
7487 8414
542 8415
8416 8733
4927 8417
7183 8418
8419 9043
4126 8420
1161 8421
8422 9527
4431 8423
3383 8424
4887 8425
4046 8426
5727 8427
919 8428
5892 8429
8430 8661
5002 8431
3335 8432
8433 9068
5995 8434
8435 9583
1143 8436
4989 8437
6188 8438
778 8439
1347 8440
8441 8489
8442 8503
8443 8727
959 8444
1756 8445
2715 8446
569 8447
5553 8448
3439 8449
6771 8450
883 8451
7734 8452
8453 9629
4379 8454
1663 8455
3006 8456
4005 8457
1741 8458
1877 8459
1697 8460
8461 9415
3486 8462
3032 8463
5357 8464
2053 8465
4759 8466
1320 8467
4105 8468
1504 8469
6922 8470
634 8471
4843 8472
3332 8473
319 8474
971 8475
7893 8476
8477 9539
8478 9574
7498 8479
6423 8480
8481 9362
5382 8482
7319 8483
1789 8484
8485 9858
5730 8486
4649 8487
7055 8488
8458 8489
846 8490
2979 8491
2507 8492
8493 9823
4318 8494
8495 9033
1742 8496
2733 8497
8498 9869
5424 8499
3833 8500
2552 8501
1309 8502
7833 8503
2090 8504
2372 8505
6612 8506
3868 8507
5319 8508
5763 8509
3781 8510
8511 9804
1480 8512
5514 8513
3670 8514
5408 8515
8516 8852
4266 8517
2352 8518
867 8519
8520 9967
2300 8521
4303 8522
7582 8523
3137 8524
1927 8525
4671 8526
6831 8527
3340 8528
3220 8529
4935 8530
4101 8531
3389 8532
2241 8533
2954 8534
4338 8535
2888 8536
3646 8537
1826 8538
8235 8539
6606 8540
7159 8541
6039 8542
8543 8674
6717 8544
1692 8545
2784 8546
7706 8547
8108 8548
5494 8549
5435 8550
4599 8551
6543 8552
943 8553
7304 8554
646 8555
1537 8556
8557 9062
1356 8558
1636 8559
4884 8560
2269 8561
4393 8562
1848 8563
1661 8564
5704 8565
6570 8566
186 8567
6314 8568
1702 8569
3155 8570
5915 8571
180 8572
8573 8946
78 8574
164 8575
8576 8903
3581 8577
6485 8578
8579 9031
7359 8580
8581 8765
8582 9951
4008 8583
5805 8584
7420 8585
4291 8586
8028 8587
6065 8588
249 8589
5141 8590
2648 8591
2562 8592
2473 8593
680 8594
1701 8595
5259 8596
1300 8597
5446 8598
5740 8599
733 8600
4630 8601
4529 8602
4672 8603
5747 8604
3364 8605
4363 8606
8607 9706
6546 8608
2905 8609
2612 8610
5228 8611
8195 8612
8613 9227
4597 8614
8615 9587
637 8616
3983 8617
8618 9051
56 8619
6960 8620
8200 8621
6895 8622
4625 8623
8624 9197
3681 8625
8564 8626
2179 8627
8628 9666
8629 8920
8630 9777
8127 8631
6193 8632
5111 8633
6475 8634
5333 8635
265 8636
2494 8637
3832 8638
1862 8639
8467 8640
7823 8641
3615 8642
1338 8643
3300 8644
3993 8645
8646 9658
5669 8647
2705 8648
2789 8649
8650 9255
2381 8651
3510 8652
3368 8653
1600 8654
2960 8655
4903 8656
8255 8657
2098 8658
7208 8659
2904 8660
1459 8661
2866 8662
7060 8663
3588 8664
8665 8796
4517 8666
4328 8667
7579 8668
2203 8669
7989 8670
360 8671
8672 8962
7673 8673
6667 8674
7243 8675
4555 8676
8677 9648
8678 9168
5748 8679
7145 8680
8681 9029
7233 8682
577 8683
8565 8684
7254 8685
1814 8686
4710 8687
7486 8688
8689 9461
3484 8690
1703 8691
8692 9276
6259 8693
4286 8694
7313 8695
2903 8696
2325 8697
2426 8698
6849 8699
3178 8700
5656 8701
3601 8702
2861 8703
6361 8704
6551 8705
7632 8706
8707 9434
8708 9109
8709 9720
2158 8710
8300 8711
7037 8712
8280 8713
4310 8714
7658 8715
7322 8716
6748 8717
7811 8718
672 8719
6641 8720
6886 8721
8043 8722
526 8723
7270 8724
5525 8725
3804 8726
530 8727
5939 8728
2788 8729
8202 8730
1255 8731
3514 8732
4015 8733
5621 8734
2844 8735
8139 8736
8556 8737
3782 8738
8739 8956
1197 8740
2088 8741
6357 8742
2358 8743
3314 8744
8626 8745
4757 8746
3285 8747
8693 8748
4023 8749
3668 8750
3797 8751
4933 8752
7970 8753
2427 8754
701 8755
4467 8756
7241 8757
1141 8758
367 8759
8760 9412
3379 8761
3747 8762
5956 8763
8054 8764
3401 8765
8766 9752
1379 8767
8563 8768
8005 8769
8607 8770
4745 8771
2748 8772
8773 8973
165 8774
3788 8775
8679 8776
7112 8777
5809 8778
3476 8779
8780 9309
8781 9115
2613 8782
3856 8783
5155 8784
1823 8785
6379 8786
1951 8787
7440 8788
8789 9862
1031 8790
220 8791
2365 8792
5893 8793
7967 8794
5343 8795
8463 8796
5918 8797
773 8798
7118 8799
7503 8800
1364 8801
6791 8802
5910 8803
7266 8804
8805 9644
5168 8806
8773 8807
8808 8829
806 8809
3469 8810
2957 8811
8812 9050
2420 8813
5744 8814
2231 8815
5505 8816
5686 8817
4241 8818
1469 8819
5948 8820
1122 8821
8655 8822
2810 8823
5578 8824
6833 8825
7894 8826
3532 8827
8828 9561
8829 9864
7621 8830
5036 8831
6768 8832
5932 8833
7284 8834
5728 8835
3232 8836
1719 8837
7965 8838
8839 9441
1405 8840
6995 8841
2773 8842
6230 8843
5290 8844
809 8845
8846 9628
1795 8847
2945 8848
8824 8849
3136 8850
1669 8851
1215 8852
2694 8853
2314 8854
183 8855
343 8856
1784 8857
1240 8858
8262 8859
4501 8860
5099 8861
7039 8862
5304 8863
5852 8864
1062 8865
3432 8866
4900 8867
5826 8868
5919 8869
8870 9719
7335 8871
4204 8872
8205 8873
136 8874
7522 8875
1906 8876
734 8877
8049 8878
5926 8879
803 8880
960 8881
7121 8882
2986 8883
8884 9007
4598 8885
7631 8886
8887 9831
875 8888
60 8889
7719 8890
6708 8891
4852 8892
4239 8893
7969 8894
5078 8895
5719 8896
3665 8897
5785 8898
4299 8899
1980 8900
7007 8901
35 8902
578 8903
5646 8904
6329 8905
2376 8906
84 8907
7796 8908
72 8909
5513 8910
6618 8911
3734 8912
5295 8913
7778 8914
235 8915
2451 8916
8776 8917
5362 8918
8259 8919
7775 8920
8135 8921
6669 8922
6848 8923
8710 8924
1316 8925
8926 9250
3735 8927
2001 8928
5996 8929
4820 8930
5051 8931
7586 8932
3925 8933
4243 8934
5202 8935
8936 9146
147 8937
2360 8938
6675 8939
5090 8940
4890 8941
6095 8942
6555 8943
8944 8969
3963 8945
2104 8946
2935 8947
8125 8948
7863 8949
1077 8950
536 8951
5366 8952
6854 8953
7611 8954
3479 8955
8799 8956
1869 8957
3076 8958
8959 9546
4348 8960
656 8961
4660 8962
3491 8963
8213 8964
8965 9605
8966 9344
6918 8967
80 8968
1989 8969
7560 8970
4934 8971
6498 8972
4902 8973
4543 8974
6585 8975
4095 8976
7186 8977
8867 8978
2356 8979
6455 8980
4206 8981
5839 8982
7000 8983
3015 8984
3303 8985
4432 8986
3219 8987
6377 8988
4437 8989
4942 8990
7736 8991
8197 8992
6136 8993
8994 9725
3060 8995
7593 8996
345 8997
7220 8998
7910 8999
2823 9000
7915 9001
464 9002
5690 9003
2907 9004
5779 9005
139 9006
6519 9007
450 9008
1198 9009
9010 9645
2687 9011
4853 9012
2484 9013
1179 9014
7565 9015
627 9016
3234 9017
8766 9018
6871 9019
7640 9020
2132 9021
9022 9656
7701 9023
8501 9024
630 9025
7458 9026
1613 9027
2018 9028
2144 9029
6355 9030
5480 9031
2499 9032
509 9033
7847 9034
1036 9035
2871 9036
8960 9037
323 9038
8784 9039
3096 9040
3567 9041
9042 9626
3812 9043
233 9044
8978 9045
1332 9046
8089 9047
2642 9048
1398 9049
3900 9050
4584 9051
3555 9052
2539 9053
7922 9054
4479 9055
2208 9056
5563 9057
1064 9058
6330 9059
5415 9060
9061 9440
2728 9062
7337 9063
8160 9064
3153 9065
7665 9066
9067 9337
7834 9068
5497 9069
8136 9070
1199 9071
4655 9072
8405 9073
7612 9074
1678 9075
1688 9076
5982 9077
9078 9567
4611 9079
4653 9080
2359 9081
6418 9082
7389 9083
8129 9084
192 9085
5930 9086
1489 9087
2468 9088
6951 9089
5864 9090
8558 9091
2418 9092
9093 9351
6183 9094
4612 9095
2474 9096
4601 9097
121 9098
2725 9099
590 9100
4746 9101
8847 9102
5324 9103
6693 9104
1075 9105
2812 9106
8539 9107
9108 9354
4665 9109
7905 9110
7382 9111
2224 9112
4761 9113
1080 9114
4979 9115
3903 9116
1126 9117
7316 9118
1760 9119
9074 9120
2589 9121
9122 9414
2390 9123
8900 9124
9125 9784
1732 9126
3377 9127
8 9128
4385 9129
6024 9130
7402 9131
6322 9132
1018 9133
5979 9134
8711 9135
4319 9136
4827 9137
307 9138
2970 9139
3624 9140
58 9141
6965 9142
1167 9143
5441 9144
2549 9145
394 9146
9147 9212
7439 9148
2382 9149
7603 9150
3388 9151
7791 9152
2779 9153
853 9154
4702 9155
5935 9156
2899 9157
7799 9158
1831 9159
7095 9160
6872 9161
7257 9162
1226 9163
9011 9164
1344 9165
390 9166
1846 9167
9168 9988
6449 9169
386 9170
8365 9171
2296 9172
2713 9173
3737 9174
1659 9175
955 9176
7841 9177
4260 9178
8264 9179
651 9180
7619 9181
8440 9182
6323 9183
3763 9184
6690 9185
7413 9186
1696 9187
103 9188
1091 9189
9103 9190
7625 9191
5850 9192
5904 9193
392 9194
158 9195
356 9196
4957 9197
7976 9198
122 9199
3261 9200
5483 9201
2459 9202
3932 9203
2766 9204
532 9205
289 9206
110 9207
3654 9208
7236 9209
9210 9361
8284 9211
8048 9212
6522 9213
6094 9214
8180 9215
5454 9216
1296 9217
1808 9218
6269 9219
5833 9220
3612 9221
6819 9222
3194 9223
1584 9224
1228 9225
5873 9226
9227 9983
7150 9228
3805 9229
2410 9230
9145 9231
3067 9232
4988 9233
9234 9984
8124 9235
1328 9236
8739 9237
3216 9238
4527 9239
3264 9240
2405 9241
8203 9242
1289 9243
9244 9473
5335 9245
7564 9246
3235 9247
5479 9248
7780 9249
1172 9250
8909 9251
5358 9252
8480 9253
8266 9254
4237 9255
9256 9424
9257 9739
339 9258
3188 9259
8902 9260
8438 9261
7637 9262
3552 9263
1791 9264
8274 9265
4265 9266
8625 9267
1875 9268
7481 9269
1680 9270
9271 9350
5600 9272
3966 9273
7258 9274
4758 9275
3748 9276
140 9277
5043 9278
7105 9279
574 9280
6928 9281
628 9282
1112 9283
9280 9284
3505 9285
8014 9286
7412 9287
5511 9288
6318 9289
7273 9290
489 9291
6789 9292
9293 9916
9022 9294
5186 9295
6923 9296
7003 9297
6038 9298
2415 9299
8901 9300
8932 9301
330 9302
3091 9303
7419 9304
7106 9305
3762 9306
2791 9307
3203 9308
8572 9309
5561 9310
5029 9311
5524 9312
796 9313
3531 9314
2458 9315
9316 9737
7340 9317
8998 9318
3193 9319
1607 9320
7107 9321
1032 9322
8502 9323
8993 9324
9325 9878
4343 9326
6060 9327
3025 9328
613 9329
3422 9330
8849 9331
6804 9332
8825 9333
6231 9334
7530 9335
6827 9336
964 9337
9338 9609
177 9339
8951 9340
6935 9341
8942 9342
6425 9343
9344 9681
179 9345
4212 9346
5575 9347
2143 9348
874 9349
7752 9350
9221 9351
5764 9352
7172 9353
1729 9354
150 9355
8057 9356
387 9357
5134 9358
1648 9359
7988 9360
5179 9361
2941 9362
6877 9363
9364 9828
7373 9365
7676 9366
3243 9367
4051 9368
7384 9369
6813 9370
3738 9371
1957 9372
6659 9373
8138 9374
8793 9375
710 9376
7099 9377
4480 9378
99 9379
306 9380
162 9381
6579 9382
616 9383
1099 9384
5219 9385
3934 9386
3984 9387
5019 9388
2213 9389
3645 9390
8911 9391
595 9392
7566 9393
5685 9394
9138 9395
9396 9657
9219 9397
3277 9398
5067 9399
1313 9400
8541 9401
1071 9402
7636 9403
2501 9404
4274 9405
972 9406
6683 9407
6558 9408
8746 9409
3381 9410
7358 9411
6725 9412
444 9413
7434 9414
4038 9415
2647 9416
4786 9417
9190 9418
4969 9419
1136 9420
9160 9421
3298 9422
3433 9423
1033 9424
7710 9425
2537 9426
280 9427
3497 9428
2872 9429
4161 9430
5268 9431
8083 9432
8071 9433
6529 9434
2620 9435
1133 9436
708 9437
2855 9438
3989 9439
6430 9440
155 9441
1200 9442
4904 9443
2262 9444
1893 9445
550 9446
5716 9447
463 9448
4504 9449
2366 9450
3122 9451
8871 9452
3201 9453
5458 9454
5957 9455
9456 9800
2169 9457
4807 9458
9459 9689
825 9460
1533 9461
4919 9462
4362 9463
2315 9464
8924 9465
4125 9466
975 9467
3436 9468
9360 9469
1261 9470
2603 9471
2057 9472
1662 9473
3598 9474
5047 9475
1845 9476
5676 9477
1764 9478
3414 9479
123 9480
6799 9481
9039 9482
5049 9483
5040 9484
9485 9713
8053 9486
4165 9487
511 9488
8536 9489
6161 9490
7432 9491
7442 9492
3302 9493
1511 9494
8748 9495
5069 9496
3589 9497
4687 9498
7774 9499
4196 9500
866 9501
5116 9502
5840 9503
5617 9504
2082 9505
8459 9506
4315 9507
552 9508
7110 9509
5679 9510
4368 9511
7986 9512
4245 9513
4899 9514
2181 9515
7700 9516
484 9517
795 9518
404 9519
8481 9520
6255 9521
6362 9522
337 9523
5696 9524
9382 9525
2933 9526
4297 9527
2876 9528
6991 9529
3933 9530
1173 9531
9460 9532
4981 9533
151 9534
8451 9535
4302 9536
3585 9537
8668 9538
9218 9539
2712 9540
9389 9541
6406 9542
5248 9543
6956 9544
8605 9545
7952 9546
676 9547
2798 9548
4793 9549
1006 9550
7607 9551
9174 9552
5811 9553
5829 9554
3498 9555
1043 9556
2227 9557
8097 9558
907 9559
2163 9560
2291 9561
1779 9562
5181 9563
9564 9938
4085 9565
7140 9566
9130 9567
3975 9568
8217 9569
1805 9570
7291 9571
1991 9572
3609 9573
2037 9574
771 9575
8606 9576
1955 9577
8393 9578
3208 9579
9458 9580
1517 9581
5593 9582
2322 9583
2533 9584
2762 9585
865 9586
4151 9587
8363 9588
5587 9589
1385 9590
3965 9591
2662 9592
6370 9593
9480 9594
664 9595
8366 9596
995 9597
6271 9598
7914 9599
5285 9600
3345 9601
8916 9602
5784 9603
2961 9604
199 9605
6058 9606
4013 9607
6035 9608
9474 9609
7583 9610
5875 9611
2884 9612
8052 9613
2692 9614
6565 9615
5378 9616
8178 9617
5093 9618
7277 9619
9013 9620
600 9621
3918 9622
7923 9623
7417 9624
2443 9625
8189 9626
4878 9627
1470 9628
7409 9629
8495 9630
1763 9631
4695 9632
7878 9633
544 9634
6574 9635
2111 9636
7971 9637
8036 9638
8826 9639
3750 9640
5385 9641
1594 9642
3154 9643
838 9644
657 9645
3385 9646
9331 9647
4342 9648
9194 9649
4812 9650
6476 9651
6957 9652
2130 9653
3492 9654
4621 9655
1879 9656
8022 9657
5498 9658
588 9659
8547 9660
1633 9661
2156 9662
7352 9663
4183 9664
5139 9665
8777 9666
6620 9667
7369 9668
8635 9669
5760 9670
6651 9671
5613 9672
9447 9673
3184 9674
5665 9675
5595 9676
6839 9677
1090 9678
3685 9679
7162 9680
4840 9681
6943 9682
8111 9683
4248 9684
7305 9685
2846 9686
9687 9847
5584 9688
7197 9689
7751 9690
8513 9691
1279 9692
2999 9693
8532 9694
6944 9695
225 9696
4481 9697
3085 9698
5217 9699
2723 9700
3344 9701
3317 9702
1046 9703
7982 9704
4324 9705
5013 9706
4524 9707
6300 9708
8338 9709
8216 9710
1384 9711
3337 9712
9610 9713
3695 9714
6217 9715
7516 9716
4659 9717
8095 9718
5916 9719
4238 9720
7476 9721
2207 9722
4980 9723
1484 9724
15 9725
8468 9726
6156 9727
6534 9728
8664 9729
1403 9730
5738 9731
7034 9732
8066 9733
2718 9734
483 9735
7920 9736
1039 9737
1781 9738
5058 9739
6285 9740
2214 9741
1870 9742
9697 9743
1576 9744
3390 9745
558 9746
7224 9747
5734 9748
5700 9749
2318 9750
1903 9751
2288 9752
9377 9753
2177 9754
4523 9755
4680 9756
9369 9757
7460 9758
6904 9759
1796 9760
2868 9761
87 9762
6238 9763
8490 9764
6604 9765
2706 9766
4862 9767
2308 9768
3236 9769
3270 9770
7627 9771
5120 9772
9525 9773
1192 9774
3099 9775
8437 9776
2739 9777
8013 9778
5765 9779
1530 9780
4868 9781
341 9782
7071 9783
9784 9834
3853 9785
9234 9786
4287 9787
5848 9788
8543 9789
1768 9790
7900 9791
1481 9792
5229 9793
7756 9794
2500 9795
5310 9796
5152 9797
8258 9798
1430 9799
6742 9800
1155 9801
3307 9802
5393 9803
4678 9804
4439 9805
9274 9806
7651 9807
7375 9808
9788 9809
2265 9810
2219 9811
6634 9812
817 9813
8488 9814
8985 9815
8723 9816
5025 9817
7966 9818
6538 9819
4844 9820
7681 9821
7280 9822
6807 9823
5546 9824
920 9825
774 9826
9042 9827
9093 9828
1841 9829
1552 9830
102 9831
2040 9832
8314 9833
7433 9834
6999 9835
3109 9836
2016 9837
4839 9838
1335 9839
3190 9840
3231 9841
4075 9842
1026 9843
5999 9844
9034 9845
4261 9846
5922 9847
2168 9848
754 9849
4037 9850
1553 9851
3641 9852
6073 9853
7931 9854
466 9855
9502 9856
446 9857
8169 9858
557 9859
5751 9860
4438 9861
6263 9862
3462 9863
4275 9864
7784 9865
8341 9866
3037 9867
6758 9868
4576 9869
7222 9870
3245 9871
6601 9872
7314 9873
6572 9874
371 9875
8805 9876
380 9877
4010 9878
7773 9879
2841 9880
7218 9881
8968 9882
5154 9883
6243 9884
8552 9885
8514 9886
7192 9887
3273 9888
1618 9889
2102 9890
3866 9891
1084 9892
667 9893
9102 9894
2036 9895
8894 9896
6202 9897
1414 9898
5450 9899
4697 9900
7392 9901
8079 9902
968 9903
8529 9904
6041 9905
3543 9906
3461 9907
2666 9908
8891 9909
8228 9910
6215 9911
4534 9912
6950 9913
8669 9914
5309 9915
4537 9916
4093 9917
8375 9918
1490 9919
109 9920
4791 9921
3790 9922
785 9923
1171 9924
6411 9925
5556 9926
949 9927
4470 9928
7801 9929
6382 9930
6466 9931
6397 9932
7643 9933
4088 9934
420 9935
1382 9936
8568 9937
9693 9938
9939 9962
1395 9940
4419 9941
7937 9942
1997 9943
8551 9944
5462 9945
6121 9946
5232 9947
8810 9948
2963 9949
7827 9950
3810 9951
822 9952
7311 9953
1210 9954
3786 9955
2668 9956
6932 9957
5946 9958
7901 9959
7342 9960
6731 9961
3423 9962
2042 9963
5548 9964
3447 9965
3146 9966
2865 9967
1985 9968
7529 9969
3770 9970
7400 9971
8473 9972
3323 9973
3228 9974
1169 9975
9083 9976
5289 9977
9790 9978
6686 9979
9774 9980
910 9981
9717 9982
6326 9983
7368 9984
1522 9985
7684 9986
891 9987
969 9988
2462 9989
6495 9990
368 9991
4459 9992
6112 9993
5215 9994
4715 9995
6930 9996
3710 9997
1278 9998
3566 9999
